75438
11675
4199
71532
62090
24036
5967
59876
59658
48463
72480
8492
27695
58812
7022
83971
87769
3274
99351
51942
19970
50415
71177
34880
26070
94962
82520
45708
28608
14595
42192
27577
35938
48464
48747
3161
73679
53277
53807
9725
86597
14533
91891
86592
60663
71473
94032
22480
86078
66983
6028
16475
83800
72531
13881
44594
31237
38371
94475
71702
76247
4391
87654
37075
32063
9468
97229
28654
31103
54806
70921
85168
84193
23002
46030
64000
32645
79581
15667
22407
57595
36844
85728
63107
83426
38626
75882
40596
41112
56171
94327
34006
39387
533
36879
72812
43745
92054
81584
82879
51107
99842
44455
55676
99411
16942
70983
86796
55124
16375
11796
48319
34963
78334
66540
95382
25549
61011
91798
63559
90135
44199
61730
60550
30267
14201
82409
42474
54668
93172
74213
6353
94584
70647
63164
91604
40013
14537
21333
12611
62982
34329
67234
27866
1968
51104
98375
5988
61487
27319
42712
49624
88846
35012
82855
79054
82738
14382
52571
62167
2703
74224
43952
40665
62372
28830
39108
64848
47524
31833
91816
16457
90450
16965
13255
78802
19457
82978
65212
35155
37129
43126
34037
26942
72561
4722
56312
92172
32806
79977
69093
3360
11891
92364
76617
51133
35004
2668
51507
96367
12935
7801
77143
13425
66798
69797
50164
15741
58166
609
81275
71883
87653
38473
91824
12403
37668
89464
41841
96445
39120
59635
27048
27591
54406
54671
45110
75238
96943
58382
79206
30884
92616
40404
56027
15303
51635
71455
21639
27792
98370
21019
19766
46730
21885
32027
22462
43522
99408
69780
96816
61055
25643
10441
87707
75761
40415
4972
11267
16725
26338
15419
81873
71561
88253
1449
76997
19206
65857
53754
30669
8647
42470
50443
61061
57513
42192
1213
2599
59364
63217
98111
1494
54522
69057
30810
60656
51248
13420
17725
81953
19091
66593
2820
38071
45634
49982
87927
87609
61018
26588
43510
63937
69456
38019
45720
2566
23350
96720
7939
33368
84794
9177
79583
76760
12203
29754
73848
22078
85364
50071
50319
10291
77671
64050
56833
60378
47174
4073
74828
39639
33249
16620
53155
88959
92421
40756
3503
53216
16718
89948
10168
56890
50179
56414
57844
38576
29187
56389
97040
58008
73349
39189
43632
75585
43958
32073
1492
72685
19624
33517
8076
56574
71097
98881
29584
17068
31293
98046
40106
93192
88779
51163
64708
57181
67141
19786
94590
80548
18920
94693
20875
2980
7905
67739
11430
90584
40579
1091
11401
50354
80190
68174
1459
3541
49705
19509
14248
79379
76998
29432
82107
34957
2567
50899
94323
55730
61109
24808
83462
17394
4334
66188
2366
93359
65232
16805
58796
33127
28210
83304
91375
36225
90482
33895
78842
9276
17583
84898
24906
85742
31284
6382
85696
68779
28827
75723
68181
84975
50081
64071
94486
23971
72878
61903
79862
39536
52332
31234
57461
77050
67081
31795
88109
61018
59571
42376
42505
28186
60670
15859
91283
68760
16171
74707
64412
74930
52684
55909
24988
17027
38277
39379
21760
73591
50950
72055
29993
28197
19280
68815
96190
31741
12928
32822
46060
80063
77428
94073
97865
86471
29969
71323
92276
43783
47794
63561
91726
64861
80341
