99842
99411
99408
99351
98881
98375
98370
98111
98046
97865
97229
97040
96943
96816
96720
96445
96367
96190
95382
94962
94693
94590
94584
94486
94475
94327
94323
94073
94032
93359
93192
93172
92616
92421
92364
92276
92172
92054
91891
91824
91816
91798
91726
91604
91375
91283
90584
90482
90450
90135
89948
89464
88959
88846
88779
88253
88109
87927
87769
87707
87654
87653
87609
86796
86597
86592
86471
86078
85742
85728
85696
85364
85168
84975
84898
84794
84193
83971
83800
83462
83426
83304
82978
82879
82855
82738
82520
82409
82107
81953
81873
81584
81275
80548
80341
80190
80063
79977
79862
79583
79581
79379
79206
79054
78842
78802
78334
77671
77428
77143
77050
76998
76997
76760
76617
76247
75882
75761
75723
75585
75438
75238
74930
74828
74707
74224
74213
73848
73679
73591
73349
72878
72812
72685
72561
72531
72480
72055
71883
71702
71561
71532
71473
71455
71323
71177
71097
70983
70921
70647
69797
69780
69456
69093
69057
68815
68779
68760
68181
68174
67739
67234
67141
67081
66983
66798
66593
66540
66188
65857
65232
65212
64861
64848
64708
64412
64071
64050
64000
63937
63561
63559
63217
63164
63107
62982
62372
62167
62090
61903
61730
61487
61109
61061
61055
61018
61018
61011
60670
60663
60656
60550
60378
59876
59658
59635
59571
59364
58812
58796
58382
58166
58008
57844
57595
57513
57461
57181
56890
56833
56574
56414
56389
56312
56171
56027
55909
55730
55676
55124
54806
54671
54668
54522
54406
53807
53754
53277
53216
53155
52684
52571
52332
51942
51635
51507
51248
51163
51133
51107
51104
50950
50899
50443
50415
50354
50319
50179
50164
50081
50071
49982
49705
49624
48747
48464
48463
48319
47794
47524
47174
46730
46060
46030
45720
45708
45634
45110
44594
44455
44199
43958
43952
43783
43745
43632
43522
43510
43126
42712
42505
42474
42470
42376
42192
42192
41841
41112
40756
40665
40596
40579
40415
40404
40106
40013
39639
39536
39387
39379
39189
39120
39108
38626
38576
38473
38371
38277
38071
38019
37668
37129
37075
36879
36844
36225
35938
35155
35012
35004
34963
34957
34880
34329
34037
34006
33895
33517
33368
33249
33127
32822
32806
32645
32073
32063
32027
31833
31795
31741
31293
31284
31237
31234
31103
30884
30810
30669
30267
29993
29969
29754
29584
29432
29187
28830
28827
28654
28608
28210
28197
28186
27866
27792
27695
27591
27577
27319
27048
26942
26588
26338
26070
25643
25549
24988
24906
24808
24036
23971
23350
23002
22480
22462
22407
22078
21885
21760
21639
21333
21019
20875
19970
19786
19766
19624
19509
19457
19280
19206
19091
18920
17725
17583
17394
17068
17027
16965
16942
16805
16725
16718
16620
16475
16457
16375
16171
15859
15741
15667
15419
15303
14595
14537
14533
14382
14248
14201
13881
13425
13420
13255
12935
12928
12611
12403
12203
11891
11796
11675
11430
11401
11267
10441
10291
10168
9725
9468
9276
9177
8647
8492
8076
7939
7905
7801
7022
6382
6353
6028
5988
5967
4972
4722
4391
4334
4199
4073
3541
3503
3360
3274
3161
2980
2820
2703
2668
2599
2567
2566
2366
1968
1494
1492
1459
1449
1213
1091
609
533
