533
609
1091
1213
1449
1459
1492
1494
1968
2366
2566
2567
2599
2668
2703
2820
2980
3161
3274
3360
3503
3541
4073
4199
4334
4391
4722
4972
5967
5988
6028
6353
6382
7022
7801
7905
7939
8076
8492
8647
9177
9276
9468
9725
10168
10291
10441
11267
11401
11430
11675
11796
11891
12203
12403
12611
12928
12935
13255
13420
13425
13881
14201
14248
14382
14533
14537
14595
15303
15419
15667
15741
15859
16171
16375
16457
16475
16620
16718
16725
16805
16942
16965
17027
17068
17394
17583
17725
18920
19091
19206
19280
19457
19509
19624
19766
19786
19970
20875
21019
21333
21639
21760
21885
22078
22407
22462
22480
23002
23350
23971
24036
24808
24906
24988
25549
25643
26070
26338
26588
26942
27048
27319
27577
27591
27695
27792
27866
28186
28197
28210
28608
28654
28827
28830
29187
29432
29584
29754
29969
29993
30267
30669
30810
30884
31103
31234
31237
31284
31293
31741
31795
31833
32027
32063
32073
32645
32806
32822
33127
33249
33368
33517
33895
34006
34037
34329
34880
34957
34963
35004
35012
35155
35938
36225
36844
36879
37075
37129
37668
38019
38071
38277
38371
38473
38576
38626
39108
39120
39189
39379
39387
39536
39639
40013
40106
40404
40415
40579
40596
40665
40756
41112
41841
42192
42192
42376
42470
42474
42505
42712
43126
43510
43522
43632
43745
43783
43952
43958
44199
44455
44594
45110
45634
45708
45720
46030
46060
46730
47174
47524
47794
48319
48463
48464
48747
49624
49705
49982
50071
50081
50164
50179
50319
50354
50415
50443
50899
50950
51104
51107
51133
51163
51248
51507
51635
51942
52332
52571
52684
53155
53216
53277
53754
53807
54406
54522
54668
54671
54806
55124
55676
55730
55909
56027
56171
56312
56389
56414
56574
56833
56890
57181
57461
57513
57595
57844
58008
58166
58382
58796
58812
59364
59571
59635
59658
59876
60378
60550
60656
60663
60670
61011
61018
61018
61055
61061
61109
61487
61730
61903
62090
62167
62372
62982
63107
63164
63217
63559
63561
63937
64000
64050
64071
64412
64708
64848
64861
65212
65232
65857
66188
66540
66593
66798
66983
67081
67141
67234
67739
68174
68181
68760
68779
68815
69057
69093
69456
69780
69797
70647
70921
70983
71097
71177
71323
71455
71473
71532
71561
71702
71883
72055
72480
72531
72561
72685
72812
72878
73349
73591
73679
73848
74213
74224
74707
74828
74930
75238
75438
75585
75723
75761
75882
76247
76617
76760
76997
76998
77050
77143
77428
77671
78334
78802
78842
79054
79206
79379
79581
79583
79862
79977
80063
80190
80341
80548
81275
81584
81873
81953
82107
82409
82520
82738
82855
82879
82978
83304
83426
83462
83800
83971
84193
84794
84898
84975
85168
85364
85696
85728
85742
86078
86471
86592
86597
86796
87609
87653
87654
87707
87769
87927
88109
88253
88779
88846
88959
89464
89948
90135
90450
90482
90584
91283
91375
91604
91726
91798
91816
91824
91891
92054
92172
92276
92364
92421
92616
93172
93192
93359
94032
94073
94323
94327
94475
94486
94584
94590
94693
94962
95382
96190
96367
96445
96720
96816
96943
97040
97229
97865
98046
98111
98370
98375
98881
99351
99408
99411
99842
