14
103
133
184
207
350
350
363
378
384
385
413
463
500
500
518
545
589
615
632
634
648
686
712
722
782
787
791
793
839
852
853
873
885
891
905
914
943
964
964
980
980
992
1004
1006
1033
1098
1100
1110
1129
1145
1174
1183
1202
1203
1257
1285
1290
1296
1300
1329
1372
1389
1403
1442
1444
1460
1483
1495
1514
1584
1615
1690
1703
1724
1756
1768
1775
1775
1777
1799
1810
1812
1817
1827
1829
1858
1869
1870
1883
1897
1900
1930
1953
1977
1980
1982
1984
2007
2022
2026
2043
2054
2074
2111
2130
2152
2204
2215
2225
2239
2250
2322
2350
2352
2361
2362
2391
2411
2444
2451
2451
2463
2464
2490
2515
2550
2590
2603
2614
2646
2686
2687
2696
2733
2746
2765
2770
2803
2823
2826
2857
2867
2883
2920
2974
2979
3013
3026
3033
3058
3066
3066
3077
3079
3083
3083
3108
3136
3163
3165
3177
3191
3196
3203
3205
3206
3211
3248
3254
3264
3276
3297
3326
3334
3341
3380
3467
3471
3511
3512
3541
3589
3599
3615
3619
3662
3666
3684
3688
3735
3754
3866
3871
3885
3894
3898
3906
3908
3917
3948
3960
4019
4093
4147
4171
4200
4216
4236
4240
4247
4292
4330
4390
4401
4440
4448
4491
4509
4512
4524
4599
4609
4610
4627
4633
4696
4700
4704
4709
4731
4765
4773
4773
4811
4840
4871
4873
4899
4913
4923
4949
5005
5018
5051
5069
5101
5148
5168
5181
5200
5221
5234
5284
5291
5302
5308
5320
5359
5397
5512
5547
5554
5600
5615
5620
5660
5661
5706
5711
5788
5798
5808
5820
5836
5886
5907
5921
5931
5958
5959
5964
5971
6055
6087
6110
6119
6123
6161
6166
6198
6244
6254
6261
6276
6284
6307
6338
6341
6360
6367
6394
6414
6419
6431
6449
6453
6465
6485
6489
6503
6504
6584
6632
6666
6730
6737
6741
6797
6800
6802
6827
6830
6837
6841
6858
6892
6905
6915
6933
6960
6990
7025
7049
7077
7102
7138
7154
7154
7156
7163
7196
7219
7219
7226
7306
7312
7376
7395
7402
7413
7436
7443
7464
7517
7544
7555
7567
7594
7595
7597
7618
7666
7673
7677
7692
7698
7761
7770
7770
7792
7798
7800
7814
7818
7832
7839
7876
7924
8005
8019
8091
8103
8126
8143
8148
8189
8222
8224
8231
8240
8241
8247
8255
8260
8285
8285
8325
8326
8333
8341
8350
8380
8404
8405
8411
8433
8459
8465
8472
8479
8494
8494
8556
8568
8569
8571
8575
8578
8593
8594
8639
8659
8682
8715
8737
8882
8890
8899
8903
8922
8933
8939
8945
9023
9040
9043
9052
9067
9076
9101
9119
9133
9155
9183
9191
9206
9237
9245
9277
9305
9328
9346
9359
9369
9376
9390
9434
9458
9470
9498
9500
9508
9525
9568
9574
9579
9600
9621
9638
9654
9674
9677
9698
9700
9719
9902
9977
9981
10007
10021
10051
10052
10119
10126
10128
10134
10179
10180
10196
10200
10215
10251
10256
10268
10296
10394
10399
10441
10451
10486
10504
10510
10546
10596
10603
10616
10619
10638
10661
10676
10689
10700
10704
10740
10744
10745
10795
10800
10831
10880
10880
10905
10922
10926
11024
11045
11056
11078
11079
11085
11112
11159
11177
11179
11195
11220
11232
11252
11299
11305
11334
11382
11385
11405
11428
11434
11444
11444
11456
11465
11527
11540
11546
11552
11552
11556
11561
11562
11578
11581
11607
11619
11622
11627
11637
11718
11718
11779
11805
11826
11843
11855
11863
11866
11871
11895
11896
11899
11915
11932
11979
11984
12004
12016
12042
12045
12127
12140
12190
12251
12263
12272
12296
12347
12380
12414
12419
12419
12439
12472
12507
12508
12622
12636
12640
12643
12650
12655
12657
12687
12709
12725
12727
12750
12800
12802
12822
12852
12862
12865
12882
12930
12931
12933
12936
12962
12990
13004
13005
13014
13032
13076
13103
13150
13195
13227
13269
13279
13287
13319
13334
13337
13366
13374
13374
13374
13377
13386
13393
13393
13414
13431
13448
13451
13470
13477
13483
13487
13538
13586
13597
13599
13600
13612
13626
13634
13676
13681
13726
13796
13805
13821
13839
13852
13870
13887
13909
13923
13960
13995
14004
14016
14052
14056
14072
14123
14124
14147
14166
14173
14198
14210
14212
14258
14290
14308
14311
14355
14387
14457
14468
14511
14535
14557
14569
14609
14627
14725
14731
14777
14817
14848
14881
14884
14918
14933
14941
14944
14999
15057
15060
15082
15091
15097
15108
15116
15157
15182
15227
15266
15278
15328
15339
15415
15467
15469
15472
15490
15507
15544
15557
15558
15593
15598
15605
15629
15636
15678
15690
15691
15693
15746
15747
15786
15796
15801
15812
15823
15862
15898
15900
15910
15921
15926
15944
15976
15976
15991
16005
16010
16026
16035
16037
16049
16101
16123
16130
16176
16208
16224
16244
16249
16253
16299
16304
16314
16317
16330
16335
16358
16367
16375
16391
16423
16423
16440
16483
16488
16489
16525
16527
16529
16579
16588
16607
16610
16618
16623
16640
16660
16696
16701
16715
16718
16720
16725
16754
16807
16816
16843
16848
16855
16866
16897
16929
16935
16979
17000
17007
17022
17046
17075
17090
17205
17236
17293
17294
17296
17327
17338
17343
17345
17383
17414
17437
17471
17505
17506
17509
17521
17527
17553
17569
17579
17593
17607
17615
17630
17651
17679
17687
17722
17728
17735
17751
17775
17781
17822
17825
17826
17829
17886
17892
17929
17941
17972
17996
18025
18062
18087
18092
18108
18118
18126
18199
18201
18253
18288
18322
18395
18415
18445
18462
18565
18622
18761
18777
18872
18905
18906
18936
18988
19016
19026
19044
19107
19136
19178
19178
19203
19205
19218
19259
19368
19405
19409
19445
19476
19499
19545
19562
19601
19621
19629
19645
19684
19696
19708
19712
19727
19731
19765
19773
19801
19844
19869
19882
19911
19959
19985
19995
20013
20043
20056
20083
20088
20107
20114
20140
20152
20154
20154
20169
20181
20221
20239
20245
20256
20266
20291
20319
20324
20334
20344
20349
20368
20405
20451
20478
20489
20496
20553
20554
20564
20575
20607
20624
20638
20646
20673
20676
20724
20729
20749
20751
20761
20762
20813
20836
20840
20844
20853
20872
20874
20881
20898
20904
20905
20914
21004
21026
21066
21109
21112
21127
21190
21201
21214
21275
21288
21289
21294
21304
21317
21355
21369
21382
21389
21398
21427
21432
21440
21449
21475
21489
21495
21495
21537
21549
21651
21656
21668
21677
21696
21696
21700
21700
21702
21723
21730
21758
21772
21813
21844
21864
21921
21930
21933
21940
21941
21947
21958
21962
22030
22046
22099
22199
22203
22224
22231
22235
22264
22301
22318
22333
22346
22365
22372
22482
22484
22492
22494
22497
22511
22517
22529
22565
22567
22598
22611
22653
22662
22673
22676
22686
22695
22705
22708
22725
22728
22730
22738
22779
22779
22786
22797
22799
22801
22813
22878
22879
22881
22890
22890
22910
22948
22971
22974
22979
22984
22998
22999
23010
23011
23067
23071
23074
23088
23135
23135
23138
23152
23163
23188
23191
23208
23272
23278
23284
23293
23303
23326
23337
23366
23381
23381
23398
23410
23428
23460
23481
23505
23535
23544
23557
23558
23573
23615
23619
23628
23639
23652
23671
23692
23703
23710
23714
23778
23812
23865
23883
23897
23905
23917
23945
23950
23955
23965
23996
24030
24031
24046
24051
24061
24061
24064
24091
24097
24112
24136
24171
24191
24200
24204
24214
24216
24226
24232
24261
24289
24294
24355
24357
24372
24382
24399
24450
24481
24492
24498
24506
24510
24520
24541
24546
24563
24563
24568
24582
24595
24602
24611
24621
24641
24650
24673
24674
24680
24689
24697
24697
24737
24742
24756
24757
24761
24790
24808
24810
24841
24869
24928
24931
24944
24944
24974
24997
25017
25019
25029
25032
25052
25108
25115
25124
25130
25146
25175
25193
25209
25217
25226
25245
25248
25256
25258
25301
25305
25305
25319
25321
25322
25327
25348
25362
25402
25417
25418
25444
25450
25457
25458
25518
25588
25607
25612
25618
25633
25658
25658
25668
25673
25680
25707
25708
25716
25735
25736
25794
25827
25848
25868
25873
25942
26005
26031
26035
26071
26104
26115
26138
26141
26144
26145
26148
26158
26160
26167
26172
26194
26197
26203
26274
26297
26315
26338
26342
26353
26354
26362
26365
26368
26433
26434
26446
26450
26490
26511
26540
26546
26561
26570
26573
26580
26647
26648
26652
26658
26680
26683
26720
26728
26752
26784
26789
26790
26797
26809
26814
26815
26818
26822
26874
26900
26901
26902
26938
26942
26951
26952
26966
27027
27079
27090
27093
27104
27125
27137
27145
27171
27190
27199
27211
27239
27271
27294
27304
27326
27366
27405
27406
27416
27425
27426
27432
27448
27468
27500
27503
27506
27506
27518
27544
27565
27567
27584
27593
27597
27598
27617
27644
27653
27666
27744
27744
27801
27849
27898
27919
27920
27960
27961
28020
28026
28032
28041
28049
28074
28165
28180
28236
28243
28264
28301
28324
28326
28350
28350
28373
28373
28376
28395
28425
28428
28466
28469
28486
28488
28500
28502
28552
28599
28626
28640
28647
28656
28666
28683
28712
28736
28750
28751
28787
28798
28823
28869
28872
28891
28894
28915
28917
28917
28920
28940
28965
28966
28988
29011
29018
29083
29108
29118
29131
29186
29235
29244
29295
29301
29338
29338
29347
29354
29370
29393
29444
29486
29500
29509
29542
29554
29566
29569
29573
29597
29600
29600
29608
29614
29633
29690
29704
29705
29719
29734
29739
29804
29804
29812
29896
29908
29915
29919
29927
29939
29954
29969
29993
30031
30033
30098
30108
30110
30139
30146
30169
30171
30177
30216
30239
30344
30370
30388
30396
30397
30423
30448
30459
30460
30465
30481
30488
30516
30517
30532
30546
30552
30563
30574
30637
30667
30682
30712
30719
30742
30773
30786
30805
30861
30876
30889
30909
30927
30971
30984
31008
31024
31036
31057
31088
31126
31192
31205
31217
31219
31225
31287
31294
31297
31313
31321
31322
31351
31379
31461
31478
31513
31514
31538
31549
31566
31567
31575
31618
31668
31671
31679
31743
31790
31809
31813
31831
31872
31909
31915
31933
31938
31973
31988
31989
32001
32014
32054
32055
32076
32105
32124
32154
32156
32168
32221
32259
32263
32274
32288
32309
32314
32324
32343
32352
32375
32379
32386
32390
32403
32496
32535
32547
32551
32616
32624
32624
32651
32684
32705
32763
32763
32766
32777
32836
32848
32900
32906
32908
32908
32917
32919
32931
32961
32981
33010
33018
33052
33064
33070
33094
33106
33113
33138
33146
33206
33213
33230
33300
33320
33320
33357
33369
33397
33419
33484
33487
33498
33513
33540
33571
33575
33579
33604
33604
33611
33647
33683
33685
33700
33712
33713
33806
33810
33826
33877
33896
33909
33920
33928
33939
33948
33965
33971
33973
33995
34001
34010
34025
34027
34028
34049
34056
34078
34095
34102
34152
34206
34211
34264
34311
34311
34313
34317
34339
34347
34348
34350
34385
34406
34432
34467
34481
34512
34519
34524
34547
34552
34560
34566
34573
34618
34676
34720
34720
34765
34778
34789
34795
34800
34809
34811
34829
34840
34858
34886
34886
34899
34899
34928
34938
34957
35017
35036
35063
35068
35106
35114
35129
35145
35153
35173
35174
35179
35210
35258
35263
35263
35267
35302
35318
35337
35354
35366
35371
35372
35384
35398
35438
35467
35473
35504
35513
35519
35520
35545
35552
35553
35563
35593
35600
35617
35631
35677
35699
35735
35762
35778
35788
35792
35805
35809
35823
35864
35909
35954
35961
35971
35973
35976
36007
36020
36068
36088
36098
36148
36161
36204
36227
36239
36256
36291
36295
36304
36324
36330
36333
36347
36349
36352
36353
36363
36403
36406
36421
36434
36480
36500
36502
36533
36542
36550
36550
36608
36629
36630
36631
36637
36643
36646
36655
36656
36720
36743
36779
36779
36792
36817
36847
36872
36900
36907
36910
36918
36951
36978
36983
36994
37013
37018
37039
37045
37057
37062
37082
37097
37107
37127
37136
37168
37179
37202
37203
37210
37238
37283
37317
37360
37470
37474
37474
37508
37592
37594
37600
37602
37609
37635
37663
37665
37672
37674
37702
37704
37723
37754
37755
37773
37774
37779
37787
37798
37806
37820
37838
37839
37849
37881
37947
37981
37988
38000
38022
38055
38079
38093
38221
38221
38289
38296
38307
38363
38386
38390
38410
38474
38483
38484
38491
38540
38554
38597
38608
38624
38656
38680
38704
38704
38753
38807
38831
38835
38839
38857
38870
38876
38893
38930
38937
38946
38965
38974
38975
39006
39012
39022
39022
39032
39063
39185
39191
39209
39214
39214
39215
39220
39224
39256
39277
39354
39386
39387
39435
39447
39447
39457
39464
39480
39518
39522
39575
39680
39692
39692
39717
39749
39781
39803
39814
39824
39832
39846
39871
39878
39881
39886
39900
39906
39913
39929
39943
39966
39975
40012
40025
40036
40042
40091
40098
40106
40156
40195
40233
40252
40261
40279
40279
40298
40330
40363
40382
40391
40397
40408
40412
40441
40448
40509
40526
40537
40581
40603
40609
40673
40701
40735
40773
40778
40779
40791
40844
40846
40851
40859
40886
40891
40903
40907
40942
40954
40987
41001
41002
41036
41056
41060
41074
41084
41126
41155
41167
41185
41187
41204
41251
41261
41291
41300
41317
41350
41350
41355
41362
41396
41398
41401
41407
41450
41457
41459
41467
41538
41579
41582
41603
41606
41609
41616
41652
41665
41709
41724
41775
41808
41809
41854
41855
41855
41872
41894
41896
41940
41973
41988
41998
42020
42039
42051
42085
42122
42147
42184
42187
42210
42223
42240
42255
42280
42307
42336
42340
42353
42354
42367
42380
42388
42394
42450
42467
42480
42569
42600
42603
42607
42615
42627
42669
42698
42701
42706
42710
42716
42724
42737
42753
42879
42902
42902
42910
42913
42917
42936
42944
43004
43011
43026
43032
43081
43104
43120
43155
43187
43191
43192
43212
43236
43296
43306
43310
43332
43334
43368
43373
43413
43436
43501
43509
43546
43578
43600
43605
43627
43642
43649
43656
43669
43678
43686
43687
43687
43696
43706
43707
43722
43747
43800
43816
43817
43819
43825
43833
43834
43842
43864
43866
43866
43893
43961
43975
43985
44012
44044
44059
44099
44110
44131
44132
44142
44193
44204
44205
44216
44297
44302
44315
44342
44355
44358
44433
44452
44480
44534
44536
44558
44559
44567
44572
44573
44576
44584
44604
44608
44643
44651
44681
44684
44689
44712
44713
44734
44763
44777
44806
44826
44871
44884
44898
44916
44919
44930
44967
44970
45017
45025
45053
45071
45081
45094
45096
45116
45135
45135
45141
45151
45155
45160
45172
45187
45209
45262
45273
45307
45308
45339
45342
45346
45352
45415
45429
45444
45488
45490
45503
45532
45552
45582
45606
45615
45616
45662
45675
45702
45745
45754
45829
45835
45847
45862
45869
45883
45889
45902
45911
45933
45956
45972
45984
46057
46058
46075
46104
46156
46194
46199
46212
46216
46237
46238
46269
46275
46288
46308
46319
46329
46349
46379
46392
46441
46472
46495
46573
46583
46588
46590
46608
46626
46627
46633
46668
46685
46700
46702
46723
46728
46765
46781
46784
46847
46852
46883
46901
46923
46952
46965
47044
47073
47122
47214
47226
47308
47327
47340
47348
47357
47359
47389
47398
47453
47457
47459
47503
47560
47570
47622
47696
47700
47700
47723
47734
47743
47746
47757
47769
47774
47784
47791
47794
47805
47808
47821
47851
47885
47886
47912
47928
47944
47945
47954
47963
47969
47972
48043
48046
48046
48052
48097
48110
48134
48147
48152
48156
48157
48174
48180
48182
48214
48226
48242
48262
48278
48290
48318
48324
48336
48364
48390
48410
48475
48511
48515
48515
48517
48518
48518
48541
48582
48602
48608
48672
48686
48692
48720
48724
48774
48794
48803
48807
48857
48925
48950
48957
48962
49014
49023
49023
49051
49085
49112
49128
49135
49135
49148
49163
49165
49169
49190
49195
49201
49226
49265
49266
49275
49289
49312
49323
49342
49374
49385
49402
49404
49432
49439
49447
49453
49490
49521
49531
49535
49558
49575
49590
49621
49642
49654
49669
49743
49751
49777
49797
49829
49830
49836
49840
49842
49850
49852
49854
49867
49934
49966
50024
50027
50068
50077
50097
50109
50133
50155
50161
50176
50178
50189
50192
50215
50239
50244
50244
50252
50265
50289
50296
50351
50351
50394
50396
50416
50456
50458
50483
50508
50518
50521
50539
50540
50555
50587
50602
50627
50657
50676
50680
50687
50706
50708
50733
50742
50787
50844
50858
50868
50877
50896
50913
50921
50938
50947
51012
51033
51053
51059
51079
51103
51105
51120
51126
51131
51154
51209
51209
51221
51229
51245
51246
51279
51289
51336
51347
51405
51421
51441
51442
51451
51477
51478
51484
51494
51498
51541
51579
51596
51619
51684
51776
51811
51867
51886
51892
51916
51957
51984
51993
51999
52026
52034
52037
52060
52224
52236
52245
52322
52340
52349
52368
52373
52373
52374
52375
52382
52397
52411
52446
52504
52508
52526
52557
52585
52593
52594
52607
52625
52627
52636
52638
52664
52669
52677
52699
52720
52725
52746
52774
52828
52829
52849
52872
52895
52914
52917
52961
53033
53044
53052
53063
53079
53109
53115
53140
53146
53170
53185
53190
53233
53258
53275
53303
53312
53325
53344
53346
53358
53376
53443
53460
53484
53545
53578
53588
53603
53605
53607
53619
53626
53638
53658
53668
53673
53696
53698
53703
53748
53754
53758
53774
53796
53798
53851
53857
53878
53878
53923
53940
53996
54024
54036
54045
54059
54060
54089
54146
54180
54200
54209
54258
54276
54287
54288
54291
54296
54337
54352
54352
54364
54371
54448
54456
54477
54481
54484
54503
54527
54537
54595
54602
54666
54734
54739
54792
54810
54826
54844
54849
54851
54863
54873
54911
54915
54920
54939
54945
54949
54950
54968
54988
54990
54995
54996
55014
55024
55060
55081
55119
55136
55149
55168
55170
55183
55190
55194
55211
55222
55239
55267
55271
55274
55311
55352
55381
55390
55401
55404
55413
55427
55430
55466
55484
55498
55538
55574
55589
55611
55620
55658
55724
55759
55766
55770
55771
55781
55805
55811
55817
55825
55832
55889
55906
55907
55926
55963
55983
55986
55995
56032
56039
56040
56086
56174
56179
56181
56187
56197
56197
56210
56213
56225
56280
56302
56325
56419
56424
56449
56451
56458
56470
56473
56495
56536
56536
56567
56602
56606
56650
56658
56680
56717
56724
56734
56752
56766
56775
56780
56813
56860
56884
56892
56940
56971
56979
56980
56995
57017
57020
57027
57046
57073
57148
57155
57158
57159
57160
57175
57176
57190
57199
57212
57293
57334
57336
57337
57371
57402
57441
57446
57458
57459
57473
57491
57518
57535
57536
57591
57632
57646
57648
57687
57689
57704
57722
57742
57743
57750
57767
57774
57783
57801
57809
57858
57972
57974
57975
57976
57976
57977
57998
58029
58044
58047
58061
58166
58170
58200
58230
58257
58364
58367
58404
58435
58449
58457
58469
58475
58493
58531
58553
58576
58608
58630
58663
58670
58683
58710
58728
58741
58754
58759
58804
58834
58856
58934
58941
58969
58979
58985
59009
59011
59047
59057
59075
59088
59091
59122
59129
59142
59147
59153
59206
59207
59248
59270
59309
59314
59319
59319
59323
59327
59327
59381
59418
59436
59439
59461
59479
59519
59520
59526
59562
59618
59648
59663
59664
59702
59709
59725
59733
59805
59839
59854
59874
59895
59930
59933
59940
59950
59969
60021
60035
60064
60130
60165
60187
60195
60208
60220
60250
60262
60294
60296
60297
60312
60357
60363
60379
60397
60397
60398
60409
60439
60455
60485
60555
60562
60563
60572
60602
60621
60623
60643
60657
60685
60697
60701
60704
60710
60733
60792
60800
60828
60829
60837
60855
60884
60896
60900
60911
60913
60930
60953
60955
61005
61014
61022
61033
61037
61047
61048
61101
61108
61108
61134
61158
61172
61180
61186
61218
61219
61226
61315
61344
61474
61545
61562
61585
61649
61653
61673
61685
61686
61757
61759
61773
61820
61830
61845
61886
61949
61962
61979
62118
62137
62165
62169
62191
62202
62229
62229
62232
62263
62274
62290
62295
62363
62365
62381
62419
62466
62524
62614
62618
62634
62647
62673
62681
62682
62816
62824
62835
62863
62872
62894
62931
62946
62972
62990
63037
63057
63077
63078
63099
63119
63131
63166
63183
63188
63199
63228
63232
63234
63234
63275
63313
63324
63348
63359
63411
63428
63429
63435
63441
63451
63470
63477
63501
63515
63524
63578
63614
63646
63677
63691
63704
63764
63768
63777
63797
63804
63830
63895
63944
63966
63966
63981
63983
64040
64056
64099
64145
64201
64234
64237
64238
64242
64247
64272
64309
64309
64330
64331
64403
64429
64432
64433
64556
64625
64638
64640
64694
64727
64730
64777
64798
64814
64841
64887
64887
64889
64964
65000
65006
65011
65016
65031
65033
65064
65072
65075
65082
65169
65174
65223
65268
65277
65300
65304
65325
65334
65350
65374
65386
65401
65405
65417
65421
65445
65456
65458
65461
65464
65475
65511
65519
65532
65568
65577
65597
65602
65627
65637
65661
65666
65677
65729
65733
65768
65778
65782
65814
65828
65850
65863
65887
65900
65912
65914
65916
65934
65941
65976
66003
66010
66024
66060
66083
66103
66118
66160
66190
66199
66237
66238
66280
66290
66381
66397
66408
66411
66469
66485
66486
66523
66529
66626
66648
66672
66683
66699
66707
66728
66740
66741
66743
66825
66830
66852
66862
66906
66919
66963
66978
66986
66999
67005
67022
67029
67063
67227
67253
67255
67277
67280
67318
67337
67353
67353
67357
67366
67366
67380
67465
67518
67525
67532
67565
67608
67610
67625
67670
67674
67676
67689
67720
67730
67748
67772
67794
67802
67809
67810
67845
67857
67870
67901
67902
67932
67948
67994
67996
68058
68061
68062
68064
68069
68081
68092
68102
68114
68142
68187
68199
68225
68235
68248
68248
68275
68303
68311
68321
68329
68343
68355
68379
68395
68436
68443
68461
68487
68498
68503
68508
68525
68534
68591
68652
68668
68674
68694
68699
68705
68715
68730
68730
68738
68740
68747
68750
68762
68764
68782
68788
68813
68833
68836
68850
68896
68902
68912
68932
68956
68993
68999
69018
69021
69025
69046
69062
69077
69089
69103
69118
69152
69159
69161
69166
69171
69173
69182
69205
69278
69280
69293
69298
69301
69307
69330
69350
69395
69408
69408
69417
69425
69482
69504
69521
69529
69530
69579
69590
69617
69649
69679
69684
69694
69703
69717
69762
69773
69776
69805
69811
69831
69857
69867
69878
69901
69903
69936
69954
69994
70015
70033
70090
70122
70176
70181
70182
70195
70222
70247
70259
70280
70293
70303
70309
70330
70333
70346
70357
70396
70420
70436
70450
70493
70498
70544
70588
70596
70623
70629
70640
70642
70661
70684
70685
70697
70701
70702
70713
70733
70735
70741
70749
70751
70755
70759
70772
70844
70871
70884
70896
70900
70933
70952
70954
70965
70979
71011
71121
71143
71213
71274
71286
71301
71302
71332
71361
71362
71372
71392
71399
71410
71411
71417
71422
71435
71436
71437
71454
71455
71503
71505
71560
71562
71571
71575
71589
71590
71625
71626
71635
71650
71651
71655
71660
71672
71673
71704
71713
71723
71736
71737
71767
71771
71781
71790
71802
71804
71814
71819
71866
71872
71930
71946
72008
72019
72069
72073
72074
72088
72088
72096
72117
72148
72170
72174
72176
72181
72181
72194
72209
72250
72255
72301
72331
72339
72376
72399
72439
72462
72477
72485
72490
72515
72546
72548
72577
72579
72617
72663
72677
72696
72704
72715
72760
72767
72796
72830
72845
72845
72847
72847
72870
72884
72889
72989
73000
73008
73012
73019
73022
73027
73096
73110
73110
73113
73122
73157
73175
73185
73189
73204
73204
73256
73260
73274
73306
73383
73418
73421
73438
73452
73513
73556
73593
73629
73657
73667
73671
73682
73682
73690
73702
73741
73802
73812
73863
73887
73904
73908
73931
73939
73947
73957
73964
73968
73997
74015
74076
74085
74086
74090
74106
74137
74139
74151
74177
74222
74224
74228
74245
74273
74279
74286
74288
74289
74306
74327
74368
74378
74379
74403
74433
74433
74436
74470
74498
74503
74510
74511
74549
74563
74565
74624
74655
74700
74705
74707
74731
74738
74761
74766
74772
74815
74835
74869
74875
74910
74917
74933
74947
74965
74971
75064
75065
75073
75078
75080
75089
75113
75136
75138
75157
75157
75159
75183
75216
75287
75297
75355
75368
75370
75397
75429
75442
75450
75479
75490
75510
75526
75561
75595
75707
75721
75725
75773
75779
75788
75829
75855
75863
75882
75905
75958
75984
76062
76075
76079
76105
76141
76150
76167
76208
76212
76220
76231
76240
76334
76339
76368
76394
76420
76449
76458
76458
76550
76557
76587
76654
76702
76728
76728
76771
76788
76802
76803
76850
76879
76899
76970
76976
77023
77043
77056
77069
77085
77112
77117
77166
77167
77187
77191
77199
77209
77238
77242
77252
77277
77288
77288
77314
77318
77331
77338
77351
77387
77419
77450
77483
77488
77503
77506
77568
77595
77613
77649
77666
77677
77679
77704
77704
77713
77717
77729
77764
77769
77773
77782
77812
77818
77827
77868
77932
77937
77945
77949
77955
77956
77998
78004
78013
78024
78032
78076
78086
78092
78110
78125
78127
78157
78170
78170
78171
78217
78221
78247
78330
78396
78402
78405
78462
78464
78475
78496
78531
78539
78551
78575
78614
78683
78777
78780
78816
78818
78826
78843
78870
78876
78943
79004
79007
79024
79054
79075
79092
79098
79149
79183
79194
79219
79234
79248
79256
79265
79267
79280
79341
79349
79391
79394
79403
79479
79480
79483
79520
79526
79550
79619
79628
79634
79634
79668
79695
79713
79752
79759
79766
79796
79800
79845
79879
79888
79891
79893
79952
79986
80039
80052
80052
80061
80063
80077
80078
80081
80119
80182
80184
80185
80204
80206
80209
80213
80218
80243
80246
80329
80368
80376
80400
80406
80434
80471
80497
80556
80576
80582
80605
80682
80706
80716
80749
80753
80763
80775
80801
80811
80822
80866
80867
80916
80928
80944
80950
80992
81022
81035
81038
81054
81116
81140
81156
81162
81200
81215
81217
81266
81297
81323
81328
81332
81404
81416
81426
81433
81467
81490
81558
81593
81598
81621
81637
81673
81677
81690
81693
81706
81711
81723
81752
81758
81775
81805
81841
81879
81883
82023
82041
82080
82090
82115
82118
82121
82167
82198
82203
82217
82269
82275
82301
82307
82324
82330
82333
82360
82377
82411
82457
82504
82530
82553
82554
82588
82628
82652
82662
82665
82680
82683
82701
82727
82780
82786
82796
82805
82822
82841
82842
82866
82873
82946
82957
82978
82999
83014
83019
83023
83042
83077
83125
83203
83207
83226
83243
83256
83257
83258
83270
83323
83347
83348
83381
83495
83504
83507
83530
83544
83575
83605
83606
83608
83615
83710
83712
83718
83741
83812
83832
83874
83920
83923
83932
83978
84038
84055
84091
84098
84123
84138
84138
84141
84144
84187
84204
84213
84235
84259
84271
84284
84315
84317
84339
84347
84351
84367
84416
84458
84468
84472
84493
84494
84494
84511
84512
84522
84580
84639
84657
84664
84668
84671
84683
84686
84693
84753
84814
84819
84848
84856
84884
84888
84927
84943
84947
84951
84967
84975
84986
85016
85054
85076
85078
85111
85125
85152
85154
85175
85211
85226
85230
85239
85255
85261
85295
85331
85384
85390
85396
85406
85443
85467
85498
85516
85549
85552
85578
85583
85629
85651
85735
85805
85856
85882
85934
85974
86003
86039
86055
86079
86150
86164
86188
86190
86206
86226
86258
86291
86331
86332
86341
86371
86395
86443
86454
86544
86545
86587
86602
86603
86606
86654
86657
86670
86714
86724
86746
86756
86822
86824
86824
86833
86870
86871
86872
86876
86879
86932
86941
86957
86984
87003
87015
87077
87096
87100
87112
87123
87127
87132
87139
87160
87210
87221
87224
87270
87280
87289
87362
87378
87433
87470
87473
87479
87510
87518
87525
87565
87571
87606
87627
87630
87684
87713
87714
87734
87774
87775
87776
87778
87784
87801
87809
87831
87832
87858
87881
87891
87907
87913
87939
87985
87999
88024
88027
88051
88053
88057
88070
88089
88109
88125
88138
88152
88159
88162
88181
88194
88215
88237
88241
88244
88260
88295
88326
88331
88340
88342
88351
88355
88389
88421
88486
88530
88551
88640
88666
88758
88767
88822
88834
88838
88881
88885
88917
88940
88946
88970
89019
89075
89096
89096
89102
89125
89144
89170
89172
89212
89259
89273
89279
89304
89318
89326
89359
89406
89424
89470
89496
89500
89595
89657
89666
89680
89682
89723
89740
89764
89768
89770
89790
89821
89834
89901
89903
89912
89917
89927
89934
89939
89976
89980
90004
90027
90057
90067
90072
90100
90107
90142
90155
90157
90160
90169
90207
90207
90214
90228
90276
90285
90296
90298
90311
90321
90342
90405
90405
90406
90438
90442
90468
90560
90612
90635
90659
90712
90713
90717
90725
90731
90773
90778
90819
90869
90876
90893
90902
90943
90958
90961
90993
91000
91031
91059
91080
91093
91117
91135
91146
91177
91196
91269
91299
91302
91319
91326
91353
91355
91364
91385
91429
91434
91470
91483
91496
91529
91544
91580
91580
91592
91617
91659
91674
91689
91692
91729
91731
91739
91764
91770
91781
91785
91809
91819
91864
91905
91920
91962
92036
92044
92084
92124
92148
92153
92174
92176
92208
92211
92224
92226
92232
92241
92259
92279
92289
92346
92357
92384
92421
92437
92469
92471
92479
92482
92530
92535
92697
92722
92736
92738
92738
92761
92811
92847
92859
92873
92887
92900
92983
93003
93021
93026
93026
93073
93096
93115
93123
93142
93173
93176
93190
93201
93209
93221
93259
93294
93296
93306
93372
93383
93391
93406
93418
93441
93466
93473
93476
93493
93495
93511
93583
93583
93586
93615
93619
93646
93675
93676
93682
93699
93731
93797
93858
93859
93867
93875
93879
93902
93906
93909
93916
93919
93962
93971
93972
93976
93978
93997
94017
94019
94023
94070
94078
94094
94101
94114
94116
94134
94146
94162
94177
94196
94207
94292
94293
94330
94336
94338
94382
94397
94404
94419
94429
94430
94430
94517
94542
94551
94562
94570
94581
94583
94592
94598
94650
94651
94658
94670
94697
94700
94704
94705
94707
94730
94799
94820
94825
94864
94936
94967
94976
94979
94994
95002
95012
95049
95068
95077
95109
95114
95127
95161
95176
95180
95210
95219
95229
95249
95256
95268
95302
95307
95311
95329
95336
95355
95360
95361
95375
95410
95431
95441
95465
95472
95486
95488
95495
95495
95521
95542
95589
95599
95643
95653
95665
95686
95690
95703
95792
95792
95809
95813
95829
95874
95915
95925
95932
95949
95958
95981
95991
95994
95996
96001
96007
96078
96104
96111
96121
96121
96157
96162
96224
96277
96283
96302
96331
96346
96377
96381
96396
96437
96443
96459
96465
96467
96546
96582
96589
96594
96618
96619
96642
96659
96711
96755
96755
96822
96828
96840
96863
96872
96896
96940
96966
96983
96993
96994
97042
97047
97050
97060
97077
97083
97090
97097
97113
97136
97146
97152
97168
97173
97197
97246
97250
97263
97263
97311
97358
97403
97422
97439
97442
97492
97500
97503
97633
97681
97703
97727
97758
97773
97778
97827
97847
97868
97876
97881
97890
97902
97947
97988
98012
98047
98114
98118
98149
98178
98209
98219
98236
98269
98275
98319
98321
98324
98355
98356
98377
98418
98433
98456
98476
98490
98497
98518
98518
98531
98542
98544
98553
98570
98594
98605
98656
98668
98681
98699
98720
98725
98745
98769
98790
98802
98802
98819
98823
98830
98849
98850
98878
98884
98894
98902
98916
98941
99013
99024
99033
99033
99040
99075
99076
99083
99100
99107
99109
99124
99141
99150
99200
99230
99243
99245
99269
99270
99316
99337
99365
99373
99376
99390
99392
99394
99437
99444
99448
99456
99474
99494
99547
99553
99586
99591
99593
99613
99615
99647
99660
99686
99688
99704
99704
99708
99719
99720
99735
99754
99757
99785
99792
99816
99830
99851
99862
99865
99892
99919
99936
99972
99988
