13923
89170
74245
63199
26315
84367
55906
52699
33419
33052
14016
96224
44713
24602
58364
33113
13726
31743
65729
11895
22890
95180
69521
27137
648
80206
72845
10180
97778
67610
78496
83042
29804
94697
23326
87858
25942
64056
98269
13337
2746
62614
15976
103
68699
76220
36646
68705
31809
82080
12709
16979
615
34858
21398
5615
54949
54352
60697
56734
43678
84494
79713
64841
47359
61219
12650
77238
65325
84522
67996
76458
53545
35593
87565
70396
96162
67005
99615
86341
86544
90731
81677
40025
17527
47794
1300
33995
24136
16423
40954
69694
54873
76654
16483
67720
6254
40233
31671
98209
22565
93383
44012
20836
79759
55390
42716
15266
71560
74510
24563
34078
69103
45933
23337
81758
81038
10619
70661
95256
90169
32900
49135
94650
60884
5512
28872
51442
83495
38221
74288
43669
63764
67794
83381
81467
69649
61218
47696
28751
89359
7677
90027
34206
30146
73256
38975
75078
22372
37988
4871
90961
43413
85390
21489
71286
74624
52368
30984
34840
53796
2250
60953
99316
72148
11045
35384
84141
14535
95874
19259
65072
61845
63451
97168
17343
23138
35210
10256
26938
87714
74772
6307
18565
90142
92722
37849
51289
48134
25362
97633
70450
54503
73593
86871
45094
36983
82665
75855
26362
80866
6419
76339
80209
20107
24046
15328
90713
29018
80556
25226
32547
80400
17007
980
85152
4401
26900
70122
89723
52720
97311
68142
68436
12140
52373
98118
31322
69046
6905
75725
76449
46590
61585
29542
28712
99892
34938
27468
11627
29597
79391
77318
42603
36918
58044
24355
26490
58856
45829
82217
84884
48174
2765
48052
17521
44643
55430
35762
94397
80749
43706
7413
98149
94419
94019
49402
34010
79256
98605
57858
44806
50587
63804
55805
27190
48724
49531
98518
62524
23703
59088
75368
90406
22705
82041
14123
64887
60829
853
76394
20349
72069
83504
45615
75297
33611
28486
34317
88822
63234
48242
78683
55995
11979
23284
42753
39803
98668
61158
77506
79891
21112
10603
88917
64814
3205
78127
60064
36533
93466
35961
63275
59526
45889
71410
27406
99456
35036
98553
32908
12251
29915
63966
69954
67532
50844
22728
65511
24742
8922
5798
81711
44193
16855
48410
72096
37609
8571
17892
30397
35677
46847
23671
4019
87525
85583
22974
83207
71562
634
59327
32309
80329
38608
70755
34311
14725
19882
50133
89740
6666
16579
57722
27919
3599
57402
7618
40526
99792
80246
93997
15544
94820
27567
55014
17630
19205
71417
7306
15060
1724
29554
96121
11863
74436
34765
76788
75958
99390
3191
95925
13470
85498
76771
82167
46901
72577
2361
93586
68379
68064
68932
63232
82324
21389
83077
72170
27666
47969
16696
74965
59709
91434
75157
47821
1817
47743
44059
92176
36817
56458
24790
39215
17236
10394
72579
13431
70684
88421
7163
81035
45429
56658
46765
97439
59436
89901
70933
87939
6360
76850
31478
90405
20751
16623
82842
9579
3754
19696
69425
39214
30396
61757
30033
45071
94338
93916
28552
37136
88138
91739
55149
73997
94704
21432
33146
11465
5706
33397
94730
60208
1584
79520
12472
65374
94430
8593
60187
11056
13805
46441
41036
31831
54595
21066
53668
97827
28966
89821
84814
86371
62381
43212
76231
86879
64727
90659
48672
87362
44358
31567
30460
96619
88666
72073
36743
49190
97881
77998
95210
13076
5600
95161
17679
43825
62274
22686
34789
25417
78826
81426
15862
43864
91905
42336
17929
15786
81673
43649
70735
14557
71361
42600
16253
41204
77679
94583
54826
27294
14124
14173
49432
61686
11552
69529
7226
16176
28736
71723
54911
35106
2687
29600
89500
35545
17972
99376
79796
16005
86454
44132
17996
65386
73957
72677
2043
3666
20013
18288
46700
77069
83544
13600
59314
93406
29927
15747
32651
5886
89682
86984
99865
41609
85016
99373
68487
29186
26450
86206
56775
66707
66626
52872
85384
23163
34152
82999
53344
20114
54739
69482
133
82805
7761
49112
88053
17294
48318
42902
1812
16588
5069
13626
78013
47357
47928
99586
37018
25588
57767
94023
16660
20874
58531
4247
89326
50456
53588
29969
29118
89912
53146
74076
54364
85856
18988
3917
54036
62229
8479
20905
41300
67689
83014
74433
81215
52625
6394
95949
88834
96940
632
48324
38221
62816
41167
66238
69166
53275
33896
39435
34406
32156
4524
95176
7555
77503
42669
73260
96618
61759
98319
63313
25518
55136
7594
782
46626
55404
5308
61649
7692
25146
5018
42085
10880
43985
43368
37039
53033
21355
20564
52375
36088
34311
45081
28656
54288
94134
16423
60297
65828
69025
34829
84664
93209
13014
78396
45116
27093
69171
43893
13995
91080
46472
99754
3136
94570
72845
88244
26818
78092
56424
40609
8333
51541
70642
50155
20840
1285
58683
74565
99757
78076
78780
47570
8148
1980
97152
65661
7673
40012
37838
91617
90057
9305
45307
57212
74875
8103
61344
38930
1174
84580
82628
75064
13870
2007
68850
33357
91319
63441
55811
6827
73908
71301
38839
51245
11434
62363
2696
22365
24595
61005
96104
712
32961
76075
91031
7049
70357
91729
59319
4811
76334
30139
77056
49852
69679
28376
61022
63435
89096
26952
29011
12930
79752
36978
58670
84351
54849
78614
67772
36349
26561
4292
16330
41355
1883
15057
16304
73513
94430
79092
92530
82307
52677
18622
69579
93699
36227
22695
38807
69903
98355
11619
3619
43334
60021
15467
67253
74286
8411
14212
68503
54296
39387
20344
33320
36434
53325
6737
20319
94293
59664
73110
90285
9600
26145
57293
43032
22948
26274
21921
30773
87433
64403
4171
9328
65532
82780
60701
50244
24510
56650
59047
7312
92384
15801
20451
37360
56940
20221
31790
59091
27090
69717
64432
12272
793
95915
78004
51221
86657
4704
62365
84819
68902
60733
95441
14147
8899
99816
23619
98681
75397
80992
25256
16010
6341
28020
34348
85443
47327
68508
19765
42607
12045
64099
1615
56449
46723
50540
28787
40859
24621
27425
88530
56752
93583
24289
60930
68343
28647
99494
68225
68235
56039
96546
24064
39012
57073
9621
2322
39966
22801
98878
44898
54666
70303
54734
72439
96822
55168
67676
13195
40330
31909
9040
29690
35129
38484
96993
24944
55239
21864
18201
3203
88051
90869
72255
47348
21127
88881
22984
42917
80061
95589
87913
95686
79075
70195
57998
36330
68782
31294
14258
56979
12990
11546
25327
35971
88260
55907
55024
54258
79480
83270
42380
81879
63078
9237
65976
33920
70623
1202
3684
50680
47044
35823
29739
75510
30481
48156
11085
3948
30459
52034
63234
35318
63099
70333
61172
62419
8494
49195
24061
62673
4093
50687
80867
89903
77167
48182
93971
78405
46633
24757
34056
90635
97503
25658
47945
5959
64242
91196
67227
95495
23381
96465
43961
98356
49867
42944
1033
91864
3058
21958
99688
12419
53578
1098
30667
37839
71422
24674
9458
31988
51498
964
29301
41398
3615
50265
74379
67608
16718
75561
14944
90725
46781
20761
8578
6198
53673
73690
4840
44355
66003
44584
16299
28823
43722
92900
72889
17437
47122
44608
19645
47308
53748
49404
37787
36637
82957
82115
39832
99076
20152
25258
74707
46668
14166
65405
10546
43546
70436
51421
79403
92761
73122
24689
73383
43627
58804
84347
9508
69831
57027
36148
98894
43696
35063
86332
77199
4390
35973
11079
71575
98490
62229
62647
1827
26138
31872
16440
1004
70493
96872
86872
55983
2515
68081
1982
21475
20762
57155
74306
54045
50215
59663
93021
75595
60792
47226
11232
54915
44534
54950
30876
17075
3471
20239
62972
40537
3206
28798
79234
4147
2022
12263
41291
87224
84975
80801
35513
22676
79265
87571
58710
61048
80077
17569
44536
17205
15746
59153
33138
80682
57334
5051
77677
29954
47560
73802
8682
68498
14210
72548
72884
40891
38491
69590
87123
21962
32001
94707
45606
43509
7102
88640
54059
26104
15636
91429
20245
20607
60602
43819
57646
59969
24546
57473
94078
9981
77419
88125
32763
53460
70259
91674
1403
67902
49453
57020
98236
90893
15910
5148
45490
56717
2550
22653
56995
75073
65577
77649
85211
42240
42569
2451
43687
43155
12004
14918
12936
68061
42223
49829
74151
91731
87606
20489
32390
51103
79098
90773
99972
95521
91592
32403
42340
52397
5320
32168
19016
48957
98219
2464
62191
10251
54024
11826
35179
17826
13032
30169
49490
95653
73968
32535
46199
25029
24611
27565
78247
52060
85078
19959
44712
65016
31575
87630
87096
25668
37179
27506
63797
99392
59940
1514
90004
10021
29908
44099
91785
97050
89102
27405
24204
87518
33484
32263
30370
11299
54527
3960
17775
2614
23135
50733
41855
5971
25321
25736
20154
64309
30712
3026
23088
80039
57977
45342
21289
24641
41988
57337
88237
2686
34886
82090
75479
45503
75779
37594
89279
99083
64429
74289
91962
68836
50192
38704
94994
38857
1858
59319
99200
77387
1203
2979
96983
6123
84511
31813
98699
99033
16249
68275
12962
66411
19044
73863
4949
28301
88057
51441
56174
3662
8189
96283
68248
83348
4448
57371
59129
15605
39185
80368
33571
1775
53619
57158
26570
88331
61653
25827
21190
17825
59381
87734
55311
61180
44734
87132
49165
59648
62232
26901
68187
3885
72074
74503
41973
61562
93859
80434
86746
68652
28041
9023
28049
67802
51059
207
64145
58576
99708
1372
41187
71143
60262
22030
51776
1257
73019
49669
10831
15507
34519
53052
13005
26433
69089
8568
91770
47746
43842
71392
50024
21772
22813
94967
41457
42394
44567
31938
93682
50539
44930
7832
30805
66024
34524
21700
23010
26797
46685
93142
25673
83605
80052
53607
49535
40701
49751
36204
88162
64798
61186
3380
65456
90342
87270
41652
66986
3297
6338
67277
46573
21651
13414
68461
17509
26197
77717
95431
12750
95229
89259
60035
39447
86003
873
686
52961
2225
93296
13477
98849
20496
46702
93026
66010
28502
66381
84927
1897
24261
73274
22730
36421
71946
63777
62863
27801
63981
79004
30239
4765
34027
36007
21440
70979
49323
43866
93201
41396
75138
25305
68896
11607
8594
93797
73000
68092
39191
10700
97042
78157
54352
23460
59270
53185
3196
85974
56971
2215
70280
37097
59950
73110
16224
89770
71213
45187
81693
46627
28326
39209
23639
65916
92469
17651
27744
43501
42122
86055
80063
20088
71589
57536
85934
28425
84315
91385
83019
61886
13279
20624
87289
38946
80376
16037
54602
31126
67029
63768
79024
43332
86833
77085
54863
62946
29347
53044
92738
46495
96755
55538
5181
90712
33948
18777
791
15157
21549
82652
29614
30344
32917
49169
34957
80471
52526
94101
47723
68813
60704
70309
93906
62894
36550
90107
20676
9654
98802
40907
63691
35504
24216
77331
98769
39386
80928
26071
74090
55352
50787
43834
37203
15823
15693
21537
64887
24232
1183
74228
28683
41060
50244
69617
26966
33206
51684
4731
26158
81690
16701
92259
77729
19368
45956
92847
35788
43747
69867
52382
70181
72847
71411
62466
56473
26167
28488
67670
27271
7517
12636
94330
6431
13374
95302
57148
44689
13386
8556
378
39022
78171
47757
69504
43800
40042
74433
29108
58047
42450
51886
34264
59327
23208
5808
71372
81404
87809
1460
57336
49163
39749
37238
98275
90717
87881
66919
40156
77945
24031
8433
46212
52374
71650
26144
27617
10451
34385
45339
25707
71635
26546
76728
60621
96443
30786
48475
51867
26148
25209
88970
20181
94196
83323
59733
54448
57518
79219
56470
76150
45273
24808
1977
49797
60643
15898
80497
96396
92738
34313
63477
65064
52340
10638
48962
34547
46104
2646
34211
43306
27653
2603
60855
980
13487
1777
72117
70498
30465
26647
47453
60913
69159
33806
37674
34025
93909
3688
2867
61108
19178
92479
8933
33928
27239
65268
43656
70884
86654
13451
71362
50176
24810
19026
36656
96659
4923
10676
23558
61979
45141
68058
22708
48686
20154
3589
23905
16317
33513
36363
69350
71736
56040
25115
98012
25248
49854
92887
8255
61773
35778
58608
55926
26814
3894
87891
44967
85467
87015
92232
94162
95996
77252
65421
69417
23074
80052
67625
79280
350
98902
54851
32684
79394
82377
74549
55427
83256
43104
72796
70346
12657
48152
3541
5620
71436
26874
57190
65782
85552
85295
8231
34095
7770
88194
95932
65033
98542
53857
3866
20478
72019
51993
11855
36910
38055
22333
13366
84472
40509
86188
66103
44044
47912
58457
95813
9698
58728
29370
45883
97173
11428
37773
20553
1129
19136
94976
74917
57591
1810
78943
91496
80811
52917
6119
32848
10119
72008
39256
92346
65011
32908
47791
32379
35735
58663
22199
95219
35371
28599
62618
38597
41450
70772
56032
40735
51579
58257
87801
48582
21004
76141
56813
4200
28165
97197
17414
16489
74766
96896
69684
21294
2239
70701
57974
30682
45582
93646
3467
68311
32551
9052
68956
77764
17751
10134
28940
95410
7800
76550
88758
48608
9719
99936
55963
57176
29354
90993
46308
10510
24997
48511
88355
1495
66728
35805
15921
14941
68762
39032
78843
28917
45262
35263
55190
7196
69062
66648
25658
9119
89657
13287
71437
7436
85578
29486
44216
47459
26790
54484
84888
98941
49830
49275
45025
33877
10007
89768
86957
39913
81162
47851
65597
58200
89917
63037
68788
69530
81266
15339
19445
66999
41074
76587
46923
69330
50483
10128
51154
29633
81621
30927
51053
77450
49226
71781
65277
9498
18322
39447
93976
58759
57017
83923
35153
84639
46952
84458
31915
8126
15944
11915
44433
12862
84686
71332
5661
50351
58969
48147
73671
29500
48214
68525
9245
82203
31297
59930
47954
51012
52245
12822
74279
9525
87778
41350
99075
68199
87774
37210
3077
30171
73204
30517
27145
72617
13676
26728
73682
63077
35699
65941
75707
35068
98324
7219
54995
88885
49128
49840
63966
41896
75159
86932
71454
37755
2451
11159
30388
53851
36068
41084
28350
55060
50521
99270
59839
43687
90100
73306
2074
87713
20169
14777
93441
26342
24506
8945
89934
67932
35520
60439
10441
63228
93495
13393
24097
25175
56724
26368
77242
54996
76079
92697
2411
74700
5234
13227
35631
41809
28373
34899
23410
20140
63677
9568
8260
75442
77812
44131
41350
30216
26822
43187
8285
852
56884
66963
58553
27597
37702
21317
97136
42480
17735
23428
93583
80218
26652
51619
96589
11195
12725
87112
16130
23398
43817
97077
91580
32105
88838
50518
38937
75863
37672
500
31514
72174
19203
57704
84693
22910
84947
47944
22879
58170
18108
68355
46392
74327
98476
25319
43605
9674
20881
71302
81156
4440
23293
98456
39943
19708
49439
44302
52914
61474
56606
72485
36347
68730
91809
28965
96121
90902
3066
20256
58367
97083
3211
76167
69703
28988
10052
84668
72477
29939
25680
25124
90311
81116
74368
11866
72250
95355
90958
92289
99735
56980
87210
63057
44297
25193
38704
97500
17471
8459
42187
99704
78024
98418
78462
66060
16897
39824
82275
77773
2152
29719
49023
84512
89318
55825
59248
16026
69857
60562
28891
44452
35302
7666
94542
4599
35864
31036
92421
92279
92437
32375
79668
10051
25607
26942
21730
33826
50947
50416
15593
70420
81598
18025
99230
59618
40773
27920
52446
95542
23191
48925
46058
29919
13004
51131
32624
26951
350
99033
6244
55620
26511
22779
22999
2490
27326
79695
25052
28074
44604
589
40106
7154
21813
76458
71655
62931
21933
21844
94114
83874
41579
27432
85629
56325
25618
53258
86870
78464
96594
15472
47340
62681
20324
11220
23481
47769
79766
65417
83257
20729
81297
61830
82683
41362
88389
83203
12643
59805
51209
35473
83812
93978
42354
4899
90819
40412
58493
12127
39464
2857
59702
37881
49342
18872
36630
61315
97847
29295
83606
63983
13393
52585
51596
90214
96277
39277
48541
34795
85154
48602
29566
34102
57783
87831
53878
81637
98830
29083
68674
63183
77955
93879
80078
93173
7443
49777
51209
22264
29393
78818
92859
23366
27961
60397
32324
82841
4609
93511
8472
25633
76976
65075
15991
8285
91483
28395
68102
59075
4773
75157
64330
94936
75089
70697
83741
45675
85226
50109
68747
73008
82269
5660
7077
52411
51405
62169
19476
47398
27079
38307
91093
75080
24582
88340
66672
79483
82553
71804
98178
33810
54792
76368
27304
35600
97492
15976
27960
59562
50627
13612
33604
51916
82822
31989
34720
12931
73175
10179
32981
80753
38000
79619
10126
14468
68668
90438
94658
50555
91920
33909
44573
40448
79341
83023
93473
88024
25457
70588
79550
56086
91355
6055
54968
50913
99365
13448
24680
6087
22494
53774
12296
9390
56213
69182
63501
17781
95068
41056
30108
42706
67845
2111
11718
67366
66280
54089
45053
52349
39518
36239
24091
66830
32763
99862
49842
66486
80119
9677
74498
32154
91059
65458
86443
45616
91000
9359
56302
54337
62165
62137
56225
11899
42615
26141
19731
49447
49966
98531
85255
35263
60955
27366
22598
96001
37820
49085
37168
45984
36792
95643
92208
28428
8091
16049
45488
66118
98819
32766
45552
61226
22998
17293
77112
55119
35617
5200
23535
70176
99851
26297
27593
74655
97727
75788
20554
4236
56536
83608
23692
63428
26194
48046
40036
82701
74106
85261
22779
58985
54146
25418
90155
31225
59725
92084
8326
56197
16314
42936
56567
48336
68248
6841
78531
12800
80213
76208
49148
18092
98114
85239
38289
89172
28917
99107
80184
48517
18906
49385
59479
20914
14999
5291
69805
37202
57809
55194
96582
22878
58449
63359
89680
59418
72663
500
31679
6730
59895
42910
26580
56179
4873
70222
93619
20083
50296
12439
74470
38680
1900
18199
76970
63524
8494
66683
50508
85076
30098
68329
96111
25868
45346
35366
75429
10616
40791
15490
53798
87479
28750
85230
13374
47784
94592
21304
52607
84259
69118
914
73421
80204
87470
83575
6858
60455
93962
79149
22979
32221
22799
59206
98823
37045
69018
25217
18126
94404
71713
1775
65677
97263
41603
86876
58630
37013
14311
47389
46852
16618
3276
52508
38624
21758
32777
15097
11385
82360
44684
86164
36480
49135
23303
43296
36550
88946
19409
45902
68069
81200
22738
55498
23544
67994
18087
74086
44763
82301
47700
16929
24171
63944
67518
43081
84493
45862
5221
4709
33369
86258
41724
71660
22231
79054
24650
10740
21201
55413
28869
22797
12852
51126
6449
69936
21940
44681
77713
71866
48950
65031
32705
77704
14569
53754
13599
61949
96994
11578
33213
52669
56187
60294
63411
87784
96840
37127
27506
2883
60363
63429
81022
97947
71790
45096
79628
85406
57648
78170
95958
71704
5907
45745
69173
23917
60165
31219
26172
35792
14072
99100
24372
17728
53758
92983
73157
16715
53940
79007
26658
94825
43866
32836
68730
93858
68999
45415
77314
15116
63704
40298
9500
50394
3871
60623
59519
75216
7402
61685
84187
6453
72181
80950
84468
30488
64040
73185
46237
28180
65169
36631
70759
8465
74139
33700
86941
21495
50657
69762
28915
97146
92224
46288
787
37806
95703
11444
5554
86670
53698
15690
99647
77351
1290
11112
43191
82727
32274
34552
70293
28373
71814
95127
98916
42710
26005
23865
86291
24944
21696
56181
40942
75773
53603
1329
99830
72715
60710
7698
24737
7376
8659
89764
95690
29509
37704
53063
49654
63188
55484
85516
43707
66199
15182
6830
61108
77818
87832
38410
50178
53233
39692
26540
5921
77666
71737
58404
38363
96346
11444
85396
23945
88342
5958
95361
65475
31217
52746
33230
16527
77769
97703
38831
47622
45155
39781
6632
34899
72209
87139
22484
51984
14387
89096
39354
44572
69994
65914
65814
20646
67353
37947
22971
1145
85175
74971
68764
91364
73022
3735
43578
5284
9977
3908
94094
29235
99686
82873
64964
12802
55589
57632
41459
16720
11984
92153
93306
68715
88767
70954
75721
72376
36333
95829
76212
54291
67063
17886
15557
95336
94517
83615
40408
82118
964
24928
86724
31192
85805
17090
69161
46238
47503
10486
77338
50706
83243
78575
24697
28920
99109
80716
25735
70896
48807
15469
51279
69152
82330
11405
52373
22099
95329
59933
11622
66397
27448
39022
84494
31566
68740
54990
58979
64777
21668
61962
30423
77288
53312
42210
2920
54287
67809
92044
70952
65082
67674
19218
69878
15691
60357
67465
67357
65174
11177
92226
28640
81217
82786
98570
36900
44558
44142
94651
34800
11078
28666
65334
84951
21026
66190
72194
55759
26784
77483
96331
26354
17941
99591
51957
55183
31024
13796
15926
16358
89075
47886
76557
31933
23996
23557
3341
11637
64309
77209
77166
51999
4913
7138
73904
84856
36847
56602
59439
24226
42020
95665
36951
9277
23710
11382
34809
20673
30971
48262
1389
10196
32054
39906
184
69301
27500
94670
81433
13634
70640
49312
12507
76240
95495
14627
79952
80582
3083
22890
92357
46608
17579
90207
52849
8224
89470
99593
86824
55766
43373
12347
46319
90296
30546
81706
11896
49201
25848
19985
75450
99269
83710
50921
42698
13839
722
9067
3066
53358
80406
63348
26160
90778
89834
58941
18761
60485
46075
26809
42255
39692
80944
46156
94581
73096
98884
74869
69776
91302
96381
35553
46728
90442
82680
6797
66825
93615
53140
57976
30719
60555
79845
87776
95792
6584
41155
53376
63131
81490
14457
1483
39063
53109
50858
27598
47457
7814
9346
11456
49621
4491
27898
84967
35258
62634
42367
43436
91544
76899
8715
57687
73887
25402
72847
37665
1869
84943
61545
22492
25108
25708
98790
90207
76803
38390
11024
1756
38296
30742
51451
71274
19107
7156
94700
22482
17506
87775
55401
17553
47700
34512
7154
96711
24498
3254
51477
29608
22497
78539
46379
70247
97681
87003
40441
16610
97876
40391
91117
5302
88152
8019
48110
60379
73741
77277
50676
49265
35354
67870
99024
44919
75355
8380
77782
80763
37057
96459
30861
64556
19601
55267
69395
74403
71121
3512
12933
40903
42147
35909
39886
19869
63614
73189
65637
46269
61820
31973
9369
39457
23883
1930
41185
33070
59309
26683
94177
97097
9101
59461
86587
55081
34339
943
49743
78870
2803
21656
16607
80605
45151
37779
61037
10880
19499
52224
51229
85549
8143
55889
95268
47774
24869
86603
23067
29600
2362
83258
40279
6414
81593
75882
58029
91269
61014
95375
57046
36994
22224
77956
35372
82796
2823
40195
7876
9434
91529
57976
7025
53638
15796
97758
32931
48097
13597
65445
61673
25716
25019
80775
88241
85125
7595
90560
42184
50077
50458
6990
53703
10215
34811
85111
95360
17046
30889
76728
14052
67857
3906
57175
94070
89304
84848
55466
90321
16375
74731
87999
94864
31287
73204
94705
47972
16848
68321
88326
89939
28324
48157
11179
65887
56780
23011
55832
41854
31538
93026
43686
54060
15598
96642
93875
82588
13374
26434
98497
67901
55817
27104
363
71767
42388
98802
24697
42879
31513
27849
24294
50097
90405
22203
51105
77937
55771
29993
44970
77949
74222
37470
48180
91353
20844
58435
23812
63646
3334
97890
22725
32076
93902
68114
17822
1953
92736
49575
57774
40091
64201
45869
74085
73964
7464
53303
23278
11252
93123
88551
25017
68833
88109
64234
74910
91819
43026
86079
41251
93190
40252
20056
21449
79879
25305
78330
51478
80706
3177
14355
35145
65934
24399
43192
50868
58741
67948
86824
6485
86602
32259
7924
62263
21723
67366
17296
89273
32616
57199
31461
38022
8405
70596
85054
16208
98433
94017
78086
77868
74563
70182
49836
22346
56860
74015
45702
40673
20638
1870
36020
60896
81752
25245
79183
1984
10661
63324
60296
80822
2352
65568
75370
38483
46883
98047
18415
63830
36655
32496
59122
13852
992
98745
75526
33939
65464
79248
82554
68443
99243
13103
52828
14198
3013
20724
24481
93259
37474
85331
67565
44559
99150
56495
99719
35114
28466
85651
35438
8903
95994
26203
73812
5101
89666
13887
63470
7792
34560
19178
60685
5788
14817
83507
12687
36629
52725
54810
53170
43011
17383
10795
38540
87907
83712
23778
839
40987
42280
7567
40279
76105
10596
23505
68694
4509
70749
98594
96863
21275
95249
40382
66083
61134
72989
69408
44480
27125
72767
35337
52593
24450
86756
55222
545
21696
34928
90228
82530
35173
33300
51892
16035
41894
33685
35552
24030
5547
25873
32014
52504
71011
56280
49590
29338
36643
35267
99394
25348
71455
71651
7818
66469
50289
20368
24492
73438
65666
26035
15812
63895
30177
99474
54371
56536
40098
36352
59207
55724
79986
26680
74933
97263
34001
28350
13483
70871
74705
19405
41407
91177
86190
1799
19844
75490
23950
16367
84753
89790
41126
19621
84683
57491
36608
90468
43600
92211
14308
8241
36403
64889
38835
62872
70330
31351
84055
16866
41616
26789
92482
90067
69811
12882
34350
2770
72301
62835
75136
17327
13960
21930
6465
48515
77043
93867
49374
5359
87077
24200
47885
98321
65778
53626
16843
6504
98518
54537
15415
2733
38965
68062
92241
6110
1296
8639
98850
17022
79267
64638
27211
91692
12508
72760
41998
1444
32124
24568
33320
53443
11871
54945
78402
58230
56419
23573
94429
41665
52895
93391
40261
46965
60220
32055
24051
7395
91135
22662
49266
45847
95109
99553
90276
49023
52636
36500
59147
86331
58061
26446
41940
65912
69307
45532
51484
30532
32288
17593
91299
24761
77595
24382
66862
36502
21677
94799
5820
15108
68591
49558
41582
8341
70844
99337
36256
4216
17615
97988
6915
71571
62202
93731
26902
38386
99013
65863
48857
27503
91781
11805
11556
72331
79526
24061
36304
44205
22318
50602
89212
92124
8240
7597
9191
42467
46588
67810
60828
57742
4512
80576
60312
37774
52829
413
36295
95012
89019
97246
48290
3079
92873
28500
56197
53190
27171
30110
15278
84091
76420
7544
15082
99988
43310
92036
57972
43120
86039
68750
26752
97442
84284
19727
28894
25032
84038
34778
18253
40846
65519
93675
1690
73556
43236
54180
24673
70015
87627
35467
72696
54456
37600
4633
35809
79349
50027
67353
28026
29573
11843
65627
26353
84138
82411
12016
84144
8222
3033
43833
83932
65461
4773
63119
99613
84213
6960
66523
84123
71505
97422
24756
77288
55381
38876
97403
96755
99124
68912
35976
96078
24841
57459
23272
61101
23897
69280
44916
78551
21427
51811
34347
79194
33018
77613
95465
2826
95307
89595
48043
50708
99245
73939
15900
70544
22881
21214
26031
99448
89927
57689
41001
87378
53346
45662
31549
73682
20853
42724
67022
69408
52627
50938
58934
73947
49521
38974
90157
56766
3264
2444
34028
71771
13586
13681
36291
9700
30574
53484
40397
96377
52037
12622
26815
68534
54209
93972
84317
80185
37082
71872
88215
80081
10922
88027
77023
96966
2590
33647
53878
75183
44576
5711
23955
18395
66408
20898
39006
44884
2391
15091
6837
6892
24974
9902
62295
64238
88295
23714
53079
48278
16754
82333
49014
55611
23628
67730
77568
37981
2974
96007
86714
36161
36779
30552
14848
71590
66906
12727
33106
42051
25301
14884
384
90612
9133
58166
79893
94562
63515
77488
91689
6284
74815
25450
9638
17687
31205
39575
24520
45835
75065
20904
83718
34618
91764
891
60397
60572
99704
16807
87160
34886
16816
29244
39717
62682
59520
70629
17607
47805
91659
69278
99720
65350
70733
26648
6161
79479
25794
74761
23965
60900
51494
21947
29804
69077
10504
93476
44204
73113
59874
6261
72339
14731
14933
87221
49850
13334
43816
27544
11718
82457
20291
73418
76879
57743
45135
66741
22673
27744
41317
73012
71626
9076
60409
85882
40851
18936
18445
8890
29812
10744
73667
23381
23188
68303
36542
86606
96302
81558
39846
84204
54276
55770
81328
40886
69021
4700
53115
36324
97047
10399
99444
94598
57160
38753
67380
67748
86226
89125
44110
71435
68738
42913
41775
48518
51246
86395
19545
65401
51347
20749
82866
20405
84657
81841
14609
57750
22786
91146
95486
37062
39220
44651
1110
82121
70702
71672
69298
24214
41261
72176
78032
70741
17000
48390
6741
59057
28032
98656
3108
94551
67318
1006
5931
69901
45160
11581
13909
50742
82978
66529
74177
66740
24563
62118
9043
33604
16244
82504
87280
54477
9155
58834
33487
61047
11527
6800
18905
88351
90876
14881
23615
83832
62290
88159
39871
22529
21495
50896
34573
39929
1442
72399
40603
84271
74273
80916
42701
31668
60911
2463
26720
57441
33010
32343
87684
17338
46349
38093
54200
77117
74378
51079
94382
34049
33713
22046
72088
45209
45911
93003
73452
35954
65304
76702
58469
3083
57801
25444
12865
16101
27518
21382
19684
53605
22517
93493
31618
74137
48794
65768
66485
98544
27584
50239
10689
42737
2054
41467
12414
12380
37798
14290
92535
35017
93221
92811
95488
65733
6933
55170
28469
1768
81775
35563
83978
93294
89424
8569
94207
39814
77932
39881
29131
22567
56210
60837
47734
87985
14511
72870
77187
8350
40844
78217
64272
96467
48518
64694
20266
12640
28626
60195
90298
72515
46784
31008
36098
64331
3163
45444
45754
885
10200
97902
19773
37635
76062
81140
30031
24541
22301
70090
42353
76802
84235
95809
39522
36720
19911
89406
47073
78110
24357
83920
30909
54920
50068
93372
94336
79634
31321
84138
91470
21288
73027
67337
81323
82023
39480
31379
49642
74835
64640
72830
6367
27426
463
10905
59854
93676
33540
37723
75113
39214
69205
45135
19801
30448
40581
39224
78125
89976
41855
24191
15678
11932
59142
72088
67255
97868
79888
6276
5397
96828
51120
10926
94292
73657
6503
73629
6489
78816
17722
57446
81332
29704
20334
93096
47808
51336
20813
46329
36872
34720
89144
23152
25130
8939
20872
49289
6166
44777
97090
58475
81416
3326
71802
82198
84339
8404
62824
44871
20043
30637
50161
4240
91580
1100
3511
99040
45172
14
38474
69773
25612
5836
38656
95792
46194
37754
52774
2026
55211
48226
17829
4696
44315
99660
43975
23135
18118
53996
26115
17505
34432
13319
385
34566
16935
26573
39900
60563
58754
52026
11562
33575
44342
37474
21700
18462
23071
48364
36779
3248
61033
38893
19712
52557
46216
71625
74224
95991
13269
38870
50189
15227
37283
36353
7798
44826
87510
21702
48720
5964
37592
73702
70685
24931
71819
11552
66852
95002
99547
86822
10800
94146
33498
46057
50877
65900
64730
11779
27644
518
72181
95114
39680
6802
39878
9470
31088
12190
8005
7839
71673
59009
10268
97773
46275
12655
12042
32386
905
33973
85735
37317
33965
52638
52322
87100
66290
77191
77827
84986
43642
47214
60398
16488
41872
98720
45352
9574
7770
87127
28243
16529
18062
82662
60800
33579
66978
93418
54939
13538
77704
81723
29569
72462
5005
99785
33094
41538
68395
64433
20575
24112
74738
9183
81805
57535
2350
78876
79800
35174
25458
95077
81054
65300
59323
97113
34467
49051
38079
75829
93176
72546
48803
2130
95472
40779
19995
21941
11540
66699
45017
91326
98377
56892
90072
55274
34676
75287
8882
27199
55986
97060
99919
8325
66743
94116
81883
70965
16391
74511
10296
60130
13150
11305
59011
65850
89980
29338
40778
37508
37107
54988
50396
38554
57159
19562
33712
14056
9376
4330
49934
31313
68993
55658
95981
41401
99141
10704
52664
72704
17345
11334
16525
21369
14004
71503
37602
43004
84098
35519
33971
70900
32906
90160
42627
92174
33064
32352
16123
3898
29444
78221
70713
23652
72490
30516
92471
86150
35398
83347
50351
7219
74947
84416
22511
70751
32314
52594
40363
32624
71930
48692
13377
19629
82946
22235
9206
48774
56680
46583
65223
22611
64247
69293
54481
55781
86545
64625
15558
1829
30563
28264
75984
65006
79634
95311
98725
88940
39975
62990
33683
41709
8737
80243
41808
16725
29896
73931
3165
96437
41606
16335
55574
47963
15629
1703
48515
8575
90943
29705
87473
70033
10745
67280
94979
16640
4610
53696
88181
50252
88089
93919
36406
53923
63578
29734
78475
45308
84671
8247
37663
93073
97358
63166
60250
88070
80182
95049
92148
83226
64237
26365
93115
41002
75905
32919
42039
56451
67525
78170
57458
89496
66237
21109
83125
60657
5168
57975
65000
26338
95599
28236
78777
65602
97250
88486
11561
42902
13821
42307
45972
4627
36907
66160
54844
25322
2204
51033
55271
34481
27027
52236
83530
99437
31057
96157
27416
12419
48046
71399
53658
