99988
99972
99936
99919
99892
99865
99862
99851
99830
99816
99792
99785
99757
99754
99735
99720
99719
99708
99704
99704
99688
99686
99660
99647
99615
99613
99593
99591
99586
99553
99547
99494
99474
99456
99448
99444
99437
99394
99392
99390
99376
99373
99365
99337
99316
99270
99269
99245
99243
99230
99200
99150
99141
99124
99109
99107
99100
99083
99076
99075
99040
99033
99033
99024
99013
98941
98916
98902
98894
98884
98878
98850
98849
98830
98823
98819
98802
98802
98790
98769
98745
98725
98720
98699
98681
98668
98656
98605
98594
98570
98553
98544
98542
98531
98518
98518
98497
98490
98476
98456
98433
98418
98377
98356
98355
98324
98321
98319
98275
98269
98236
98219
98209
98178
98149
98118
98114
98047
98012
97988
97947
97902
97890
97881
97876
97868
97847
97827
97778
97773
97758
97727
97703
97681
97633
97503
97500
97492
97442
97439
97422
97403
97358
97311
97263
97263
97250
97246
97197
97173
97168
97152
97146
97136
97113
97097
97090
97083
97077
97060
97050
97047
97042
96994
96993
96983
96966
96940
96896
96872
96863
96840
96828
96822
96755
96755
96711
96659
96642
96619
96618
96594
96589
96582
96546
96467
96465
96459
96443
96437
96396
96381
96377
96346
96331
96302
96283
96277
96224
96162
96157
96121
96121
96111
96104
96078
96007
96001
95996
95994
95991
95981
95958
95949
95932
95925
95915
95874
95829
95813
95809
95792
95792
95703
95690
95686
95665
95653
95643
95599
95589
95542
95521
95495
95495
95488
95486
95472
95465
95441
95431
95410
95375
95361
95360
95355
95336
95329
95311
95307
95302
95268
95256
95249
95229
95219
95210
95180
95176
95161
95127
95114
95109
95077
95068
95049
95012
95002
94994
94979
94976
94967
94936
94864
94825
94820
94799
94730
94707
94705
94704
94700
94697
94670
94658
94651
94650
94598
94592
94583
94581
94570
94562
94551
94542
94517
94430
94430
94429
94419
94404
94397
94382
94338
94336
94330
94293
94292
94207
94196
94177
94162
94146
94134
94116
94114
94101
94094
94078
94070
94023
94019
94017
93997
93978
93976
93972
93971
93962
93919
93916
93909
93906
93902
93879
93875
93867
93859
93858
93797
93731
93699
93682
93676
93675
93646
93619
93615
93586
93583
93583
93511
93495
93493
93476
93473
93466
93441
93418
93406
93391
93383
93372
93306
93296
93294
93259
93221
93209
93201
93190
93176
93173
93142
93123
93115
93096
93073
93026
93026
93021
93003
92983
92900
92887
92873
92859
92847
92811
92761
92738
92738
92736
92722
92697
92535
92530
92482
92479
92471
92469
92437
92421
92384
92357
92346
92289
92279
92259
92241
92232
92226
92224
92211
92208
92176
92174
92153
92148
92124
92084
92044
92036
91962
91920
91905
91864
91819
91809
91785
91781
91770
91764
91739
91731
91729
91692
91689
91674
91659
91617
91592
91580
91580
91544
91529
91496
91483
91470
91434
91429
91385
91364
91355
91353
91326
91319
91302
91299
91269
91196
91177
91146
91135
91117
91093
91080
91059
91031
91000
90993
90961
90958
90943
90902
90893
90876
90869
90819
90778
90773
90731
90725
90717
90713
90712
90659
90635
90612
90560
90468
90442
90438
90406
90405
90405
90342
90321
90311
90298
90296
90285
90276
90228
90214
90207
90207
90169
90160
90157
90155
90142
90107
90100
90072
90067
90057
90027
90004
89980
89976
89939
89934
89927
89917
89912
89903
89901
89834
89821
89790
89770
89768
89764
89740
89723
89682
89680
89666
89657
89595
89500
89496
89470
89424
89406
89359
89326
89318
89304
89279
89273
89259
89212
89172
89170
89144
89125
89102
89096
89096
89075
89019
88970
88946
88940
88917
88885
88881
88838
88834
88822
88767
88758
88666
88640
88551
88530
88486
88421
88389
88355
88351
88342
88340
88331
88326
88295
88260
88244
88241
88237
88215
88194
88181
88162
88159
88152
88138
88125
88109
88089
88070
88057
88053
88051
88027
88024
87999
87985
87939
87913
87907
87891
87881
87858
87832
87831
87809
87801
87784
87778
87776
87775
87774
87734
87714
87713
87684
87630
87627
87606
87571
87565
87525
87518
87510
87479
87473
87470
87433
87378
87362
87289
87280
87270
87224
87221
87210
87160
87139
87132
87127
87123
87112
87100
87096
87077
87015
87003
86984
86957
86941
86932
86879
86876
86872
86871
86870
86833
86824
86824
86822
86756
86746
86724
86714
86670
86657
86654
86606
86603
86602
86587
86545
86544
86454
86443
86395
86371
86341
86332
86331
86291
86258
86226
86206
86190
86188
86164
86150
86079
86055
86039
86003
85974
85934
85882
85856
85805
85735
85651
85629
85583
85578
85552
85549
85516
85498
85467
85443
85406
85396
85390
85384
85331
85295
85261
85255
85239
85230
85226
85211
85175
85154
85152
85125
85111
85078
85076
85054
85016
84986
84975
84967
84951
84947
84943
84927
84888
84884
84856
84848
84819
84814
84753
84693
84686
84683
84671
84668
84664
84657
84639
84580
84522
84512
84511
84494
84494
84493
84472
84468
84458
84416
84367
84351
84347
84339
84317
84315
84284
84271
84259
84235
84213
84204
84187
84144
84141
84138
84138
84123
84098
84091
84055
84038
83978
83932
83923
83920
83874
83832
83812
83741
83718
83712
83710
83615
83608
83606
83605
83575
83544
83530
83507
83504
83495
83381
83348
83347
83323
83270
83258
83257
83256
83243
83226
83207
83203
83125
83077
83042
83023
83019
83014
82999
82978
82957
82946
82873
82866
82842
82841
82822
82805
82796
82786
82780
82727
82701
82683
82680
82665
82662
82652
82628
82588
82554
82553
82530
82504
82457
82411
82377
82360
82333
82330
82324
82307
82301
82275
82269
82217
82203
82198
82167
82121
82118
82115
82090
82080
82041
82023
81883
81879
81841
81805
81775
81758
81752
81723
81711
81706
81693
81690
81677
81673
81637
81621
81598
81593
81558
81490
81467
81433
81426
81416
81404
81332
81328
81323
81297
81266
81217
81215
81200
81162
81156
81140
81116
81054
81038
81035
81022
80992
80950
80944
80928
80916
80867
80866
80822
80811
80801
80775
80763
80753
80749
80716
80706
80682
80605
80582
80576
80556
80497
80471
80434
80406
80400
80376
80368
80329
80246
80243
80218
80213
80209
80206
80204
80185
80184
80182
80119
80081
80078
80077
80063
80061
80052
80052
80039
79986
79952
79893
79891
79888
79879
79845
79800
79796
79766
79759
79752
79713
79695
79668
79634
79634
79628
79619
79550
79526
79520
79483
79480
79479
79403
79394
79391
79349
79341
79280
79267
79265
79256
79248
79234
79219
79194
79183
79149
79098
79092
79075
79054
79024
79007
79004
78943
78876
78870
78843
78826
78818
78816
78780
78777
78683
78614
78575
78551
78539
78531
78496
78475
78464
78462
78405
78402
78396
78330
78247
78221
78217
78171
78170
78170
78157
78127
78125
78110
78092
78086
78076
78032
78024
78013
78004
77998
77956
77955
77949
77945
77937
77932
77868
77827
77818
77812
77782
77773
77769
77764
77729
77717
77713
77704
77704
77679
77677
77666
77649
77613
77595
77568
77506
77503
77488
77483
77450
77419
77387
77351
77338
77331
77318
77314
77288
77288
77277
77252
77242
77238
77209
77199
77191
77187
77167
77166
77117
77112
77085
77069
77056
77043
77023
76976
76970
76899
76879
76850
76803
76802
76788
76771
76728
76728
76702
76654
76587
76557
76550
76458
76458
76449
76420
76394
76368
76339
76334
76240
76231
76220
76212
76208
76167
76150
76141
76105
76079
76075
76062
75984
75958
75905
75882
75863
75855
75829
75788
75779
75773
75725
75721
75707
75595
75561
75526
75510
75490
75479
75450
75442
75429
75397
75370
75368
75355
75297
75287
75216
75183
75159
75157
75157
75138
75136
75113
75089
75080
75078
75073
75065
75064
74971
74965
74947
74933
74917
74910
74875
74869
74835
74815
74772
74766
74761
74738
74731
74707
74705
74700
74655
74624
74565
74563
74549
74511
74510
74503
74498
74470
74436
74433
74433
74403
74379
74378
74368
74327
74306
74289
74288
74286
74279
74273
74245
74228
74224
74222
74177
74151
74139
74137
74106
74090
74086
74085
74076
74015
73997
73968
73964
73957
73947
73939
73931
73908
73904
73887
73863
73812
73802
73741
73702
73690
73682
73682
73671
73667
73657
73629
73593
73556
73513
73452
73438
73421
73418
73383
73306
73274
73260
73256
73204
73204
73189
73185
73175
73157
73122
73113
73110
73110
73096
73027
73022
73019
73012
73008
73000
72989
72889
72884
72870
72847
72847
72845
72845
72830
72796
72767
72760
72715
72704
72696
72677
72663
72617
72579
72577
72548
72546
72515
72490
72485
72477
72462
72439
72399
72376
72339
72331
72301
72255
72250
72209
72194
72181
72181
72176
72174
72170
72148
72117
72096
72088
72088
72074
72073
72069
72019
72008
71946
71930
71872
71866
71819
71814
71804
71802
71790
71781
71771
71767
71737
71736
71723
71713
71704
71673
71672
71660
71655
71651
71650
71635
71626
71625
71590
71589
71575
71571
71562
71560
71505
71503
71455
71454
71437
71436
71435
71422
71417
71411
71410
71399
71392
71372
71362
71361
71332
71302
71301
71286
71274
71213
71143
71121
71011
70979
70965
70954
70952
70933
70900
70896
70884
70871
70844
70772
70759
70755
70751
70749
70741
70735
70733
70713
70702
70701
70697
70685
70684
70661
70642
70640
70629
70623
70596
70588
70544
70498
70493
70450
70436
70420
70396
70357
70346
70333
70330
70309
70303
70293
70280
70259
70247
70222
70195
70182
70181
70176
70122
70090
70033
70015
69994
69954
69936
69903
69901
69878
69867
69857
69831
69811
69805
69776
69773
69762
69717
69703
69694
69684
69679
69649
69617
69590
69579
69530
69529
69521
69504
69482
69425
69417
69408
69408
69395
69350
69330
69307
69301
69298
69293
69280
69278
69205
69182
69173
69171
69166
69161
69159
69152
69118
69103
69089
69077
69062
69046
69025
69021
69018
68999
68993
68956
68932
68912
68902
68896
68850
68836
68833
68813
68788
68782
68764
68762
68750
68747
68740
68738
68730
68730
68715
68705
68699
68694
68674
68668
68652
68591
68534
68525
68508
68503
68498
68487
68461
68443
68436
68395
68379
68355
68343
68329
68321
68311
68303
68275
68248
68248
68235
68225
68199
68187
68142
68114
68102
68092
68081
68069
68064
68062
68061
68058
67996
67994
67948
67932
67902
67901
67870
67857
67845
67810
67809
67802
67794
67772
67748
67730
67720
67689
67676
67674
67670
67625
67610
67608
67565
67532
67525
67518
67465
67380
67366
67366
67357
67353
67353
67337
67318
67280
67277
67255
67253
67227
67063
67029
67022
67005
66999
66986
66978
66963
66919
66906
66862
66852
66830
66825
66743
66741
66740
66728
66707
66699
66683
66672
66648
66626
66529
66523
66486
66485
66469
66411
66408
66397
66381
66290
66280
66238
66237
66199
66190
66160
66118
66103
66083
66060
66024
66010
66003
65976
65941
65934
65916
65914
65912
65900
65887
65863
65850
65828
65814
65782
65778
65768
65733
65729
65677
65666
65661
65637
65627
65602
65597
65577
65568
65532
65519
65511
65475
65464
65461
65458
65456
65445
65421
65417
65405
65401
65386
65374
65350
65334
65325
65304
65300
65277
65268
65223
65174
65169
65082
65075
65072
65064
65033
65031
65016
65011
65006
65000
64964
64889
64887
64887
64841
64814
64798
64777
64730
64727
64694
64640
64638
64625
64556
64433
64432
64429
64403
64331
64330
64309
64309
64272
64247
64242
64238
64237
64234
64201
64145
64099
64056
64040
63983
63981
63966
63966
63944
63895
63830
63804
63797
63777
63768
63764
63704
63691
63677
63646
63614
63578
63524
63515
63501
63477
63470
63451
63441
63435
63429
63428
63411
63359
63348
63324
63313
63275
63234
63234
63232
63228
63199
63188
63183
63166
63131
63119
63099
63078
63077
63057
63037
62990
62972
62946
62931
62894
62872
62863
62835
62824
62816
62682
62681
62673
62647
62634
62618
62614
62524
62466
62419
62381
62365
62363
62295
62290
62274
62263
62232
62229
62229
62202
62191
62169
62165
62137
62118
61979
61962
61949
61886
61845
61830
61820
61773
61759
61757
61686
61685
61673
61653
61649
61585
61562
61545
61474
61344
61315
61226
61219
61218
61186
61180
61172
61158
61134
61108
61108
61101
61048
61047
61037
61033
61022
61014
61005
60955
60953
60930
60913
60911
60900
60896
60884
60855
60837
60829
60828
60800
60792
60733
60710
60704
60701
60697
60685
60657
60643
60623
60621
60602
60572
60563
60562
60555
60485
60455
60439
60409
60398
60397
60397
60379
60363
60357
60312
60297
60296
60294
60262
60250
60220
60208
60195
60187
60165
60130
60064
60035
60021
59969
59950
59940
59933
59930
59895
59874
59854
59839
59805
59733
59725
59709
59702
59664
59663
59648
59618
59562
59526
59520
59519
59479
59461
59439
59436
59418
59381
59327
59327
59323
59319
59319
59314
59309
59270
59248
59207
59206
59153
59147
59142
59129
59122
59091
59088
59075
59057
59047
59011
59009
58985
58979
58969
58941
58934
58856
58834
58804
58759
58754
58741
58728
58710
58683
58670
58663
58630
58608
58576
58553
58531
58493
58475
58469
58457
58449
58435
58404
58367
58364
58257
58230
58200
58170
58166
58061
58047
58044
58029
57998
57977
57976
57976
57975
57974
57972
57858
57809
57801
57783
57774
57767
57750
57743
57742
57722
57704
57689
57687
57648
57646
57632
57591
57536
57535
57518
57491
57473
57459
57458
57446
57441
57402
57371
57337
57336
57334
57293
57212
57199
57190
57176
57175
57160
57159
57158
57155
57148
57073
57046
57027
57020
57017
56995
56980
56979
56971
56940
56892
56884
56860
56813
56780
56775
56766
56752
56734
56724
56717
56680
56658
56650
56606
56602
56567
56536
56536
56495
56473
56470
56458
56451
56449
56424
56419
56325
56302
56280
56225
56213
56210
56197
56197
56187
56181
56179
56174
56086
56040
56039
56032
55995
55986
55983
55963
55926
55907
55906
55889
55832
55825
55817
55811
55805
55781
55771
55770
55766
55759
55724
55658
55620
55611
55589
55574
55538
55498
55484
55466
55430
55427
55413
55404
55401
55390
55381
55352
55311
55274
55271
55267
55239
55222
55211
55194
55190
55183
55170
55168
55149
55136
55119
55081
55060
55024
55014
54996
54995
54990
54988
54968
54950
54949
54945
54939
54920
54915
54911
54873
54863
54851
54849
54844
54826
54810
54792
54739
54734
54666
54602
54595
54537
54527
54503
54484
54481
54477
54456
54448
54371
54364
54352
54352
54337
54296
54291
54288
54287
54276
54258
54209
54200
54180
54146
54089
54060
54059
54045
54036
54024
53996
53940
53923
53878
53878
53857
53851
53798
53796
53774
53758
53754
53748
53703
53698
53696
53673
53668
53658
53638
53626
53619
53607
53605
53603
53588
53578
53545
53484
53460
53443
53376
53358
53346
53344
53325
53312
53303
53275
53258
53233
53190
53185
53170
53146
53140
53115
53109
53079
53063
53052
53044
53033
52961
52917
52914
52895
52872
52849
52829
52828
52774
52746
52725
52720
52699
52677
52669
52664
52638
52636
52627
52625
52607
52594
52593
52585
52557
52526
52508
52504
52446
52411
52397
52382
52375
52374
52373
52373
52368
52349
52340
52322
52245
52236
52224
52060
52037
52034
52026
51999
51993
51984
51957
51916
51892
51886
51867
51811
51776
51684
51619
51596
51579
51541
51498
51494
51484
51478
51477
51451
51442
51441
51421
51405
51347
51336
51289
51279
51246
51245
51229
51221
51209
51209
51154
51131
51126
51120
51105
51103
51079
51059
51053
51033
51012
50947
50938
50921
50913
50896
50877
50868
50858
50844
50787
50742
50733
50708
50706
50687
50680
50676
50657
50627
50602
50587
50555
50540
50539
50521
50518
50508
50483
50458
50456
50416
50396
50394
50351
50351
50296
50289
50265
50252
50244
50244
50239
50215
50192
50189
50178
50176
50161
50155
50133
50109
50097
50077
50068
50027
50024
49966
49934
49867
49854
49852
49850
49842
49840
49836
49830
49829
49797
49777
49751
49743
49669
49654
49642
49621
49590
49575
49558
49535
49531
49521
49490
49453
49447
49439
49432
49404
49402
49385
49374
49342
49323
49312
49289
49275
49266
49265
49226
49201
49195
49190
49169
49165
49163
49148
49135
49135
49128
49112
49085
49051
49023
49023
49014
48962
48957
48950
48925
48857
48807
48803
48794
48774
48724
48720
48692
48686
48672
48608
48602
48582
48541
48518
48518
48517
48515
48515
48511
48475
48410
48390
48364
48336
48324
48318
48290
48278
48262
48242
48226
48214
48182
48180
48174
48157
48156
48152
48147
48134
48110
48097
48052
48046
48046
48043
47972
47969
47963
47954
47945
47944
47928
47912
47886
47885
47851
47821
47808
47805
47794
47791
47784
47774
47769
47757
47746
47743
47734
47723
47700
47700
47696
47622
47570
47560
47503
47459
47457
47453
47398
47389
47359
47357
47348
47340
47327
47308
47226
47214
47122
47073
47044
46965
46952
46923
46901
46883
46852
46847
46784
46781
46765
46728
46723
46702
46700
46685
46668
46633
46627
46626
46608
46590
46588
46583
46573
46495
46472
46441
46392
46379
46349
46329
46319
46308
46288
46275
46269
46238
46237
46216
46212
46199
46194
46156
46104
46075
46058
46057
45984
45972
45956
45933
45911
45902
45889
45883
45869
45862
45847
45835
45829
45754
45745
45702
45675
45662
45616
45615
45606
45582
45552
45532
45503
45490
45488
45444
45429
45415
45352
45346
45342
45339
45308
45307
45273
45262
45209
45187
45172
45160
45155
45151
45141
45135
45135
45116
45096
45094
45081
45071
45053
45025
45017
44970
44967
44930
44919
44916
44898
44884
44871
44826
44806
44777
44763
44734
44713
44712
44689
44684
44681
44651
44643
44608
44604
44584
44576
44573
44572
44567
44559
44558
44536
44534
44480
44452
44433
44358
44355
44342
44315
44302
44297
44216
44205
44204
44193
44142
44132
44131
44110
44099
44059
44044
44012
43985
43975
43961
43893
43866
43866
43864
43842
43834
43833
43825
43819
43817
43816
43800
43747
43722
43707
43706
43696
43687
43687
43686
43678
43669
43656
43649
43642
43627
43605
43600
43578
43546
43509
43501
43436
43413
43373
43368
43334
43332
43310
43306
43296
43236
43212
43192
43191
43187
43155
43120
43104
43081
43032
43026
43011
43004
42944
42936
42917
42913
42910
42902
42902
42879
42753
42737
42724
42716
42710
42706
42701
42698
42669
42627
42615
42607
42603
42600
42569
42480
42467
42450
42394
42388
42380
42367
42354
42353
42340
42336
42307
42280
42255
42240
42223
42210
42187
42184
42147
42122
42085
42051
42039
42020
41998
41988
41973
41940
41896
41894
41872
41855
41855
41854
41809
41808
41775
41724
41709
41665
41652
41616
41609
41606
41603
41582
41579
41538
41467
41459
41457
41450
41407
41401
41398
41396
41362
41355
41350
41350
41317
41300
41291
41261
41251
41204
41187
41185
41167
41155
41126
41084
41074
41060
41056
41036
41002
41001
40987
40954
40942
40907
40903
40891
40886
40859
40851
40846
40844
40791
40779
40778
40773
40735
40701
40673
40609
40603
40581
40537
40526
40509
40448
40441
40412
40408
40397
40391
40382
40363
40330
40298
40279
40279
40261
40252
40233
40195
40156
40106
40098
40091
40042
40036
40025
40012
39975
39966
39943
39929
39913
39906
39900
39886
39881
39878
39871
39846
39832
39824
39814
39803
39781
39749
39717
39692
39692
39680
39575
39522
39518
39480
39464
39457
39447
39447
39435
39387
39386
39354
39277
39256
39224
39220
39215
39214
39214
39209
39191
39185
39063
39032
39022
39022
39012
39006
38975
38974
38965
38946
38937
38930
38893
38876
38870
38857
38839
38835
38831
38807
38753
38704
38704
38680
38656
38624
38608
38597
38554
38540
38491
38484
38483
38474
38410
38390
38386
38363
38307
38296
38289
38221
38221
38093
38079
38055
38022
38000
37988
37981
37947
37881
37849
37839
37838
37820
37806
37798
37787
37779
37774
37773
37755
37754
37723
37704
37702
37674
37672
37665
37663
37635
37609
37602
37600
37594
37592
37508
37474
37474
37470
37360
37317
37283
37238
37210
37203
37202
37179
37168
37136
37127
37107
37097
37082
37062
37057
37045
37039
37018
37013
36994
36983
36978
36951
36918
36910
36907
36900
36872
36847
36817
36792
36779
36779
36743
36720
36656
36655
36646
36643
36637
36631
36630
36629
36608
36550
36550
36542
36533
36502
36500
36480
36434
36421
36406
36403
36363
36353
36352
36349
36347
36333
36330
36324
36304
36295
36291
36256
36239
36227
36204
36161
36148
36098
36088
36068
36020
36007
35976
35973
35971
35961
35954
35909
35864
35823
35809
35805
35792
35788
35778
35762
35735
35699
35677
35631
35617
35600
35593
35563
35553
35552
35545
35520
35519
35513
35504
35473
35467
35438
35398
35384
35372
35371
35366
35354
35337
35318
35302
35267
35263
35263
35258
35210
35179
35174
35173
35153
35145
35129
35114
35106
35068
35063
35036
35017
34957
34938
34928
34899
34899
34886
34886
34858
34840
34829
34811
34809
34800
34795
34789
34778
34765
34720
34720
34676
34618
34573
34566
34560
34552
34547
34524
34519
34512
34481
34467
34432
34406
34385
34350
34348
34347
34339
34317
34313
34311
34311
34264
34211
34206
34152
34102
34095
34078
34056
34049
34028
34027
34025
34010
34001
33995
33973
33971
33965
33948
33939
33928
33920
33909
33896
33877
33826
33810
33806
33713
33712
33700
33685
33683
33647
33611
33604
33604
33579
33575
33571
33540
33513
33498
33487
33484
33419
33397
33369
33357
33320
33320
33300
33230
33213
33206
33146
33138
33113
33106
33094
33070
33064
33052
33018
33010
32981
32961
32931
32919
32917
32908
32908
32906
32900
32848
32836
32777
32766
32763
32763
32705
32684
32651
32624
32624
32616
32551
32547
32535
32496
32403
32390
32386
32379
32375
32352
32343
32324
32314
32309
32288
32274
32263
32259
32221
32168
32156
32154
32124
32105
32076
32055
32054
32014
32001
31989
31988
31973
31938
31933
31915
31909
31872
31831
31813
31809
31790
31743
31679
31671
31668
31618
31575
31567
31566
31549
31538
31514
31513
31478
31461
31379
31351
31322
31321
31313
31297
31294
31287
31225
31219
31217
31205
31192
31126
31088
31057
31036
31024
31008
30984
30971
30927
30909
30889
30876
30861
30805
30786
30773
30742
30719
30712
30682
30667
30637
30574
30563
30552
30546
30532
30517
30516
30488
30481
30465
30460
30459
30448
30423
30397
30396
30388
30370
30344
30239
30216
30177
30171
30169
30146
30139
30110
30108
30098
30033
30031
29993
29969
29954
29939
29927
29919
29915
29908
29896
29812
29804
29804
29739
29734
29719
29705
29704
29690
29633
29614
29608
29600
29600
29597
29573
29569
29566
29554
29542
29509
29500
29486
29444
29393
29370
29354
29347
29338
29338
29301
29295
29244
29235
29186
29131
29118
29108
29083
29018
29011
28988
28966
28965
28940
28920
28917
28917
28915
28894
28891
28872
28869
28823
28798
28787
28751
28750
28736
28712
28683
28666
28656
28647
28640
28626
28599
28552
28502
28500
28488
28486
28469
28466
28428
28425
28395
28376
28373
28373
28350
28350
28326
28324
28301
28264
28243
28236
28180
28165
28074
28049
28041
28032
28026
28020
27961
27960
27920
27919
27898
27849
27801
27744
27744
27666
27653
27644
27617
27598
27597
27593
27584
27567
27565
27544
27518
27506
27506
27503
27500
27468
27448
27432
27426
27425
27416
27406
27405
27366
27326
27304
27294
27271
27239
27211
27199
27190
27171
27145
27137
27125
27104
27093
27090
27079
27027
26966
26952
26951
26942
26938
26902
26901
26900
26874
26822
26818
26815
26814
26809
26797
26790
26789
26784
26752
26728
26720
26683
26680
26658
26652
26648
26647
26580
26573
26570
26561
26546
26540
26511
26490
26450
26446
26434
26433
26368
26365
26362
26354
26353
26342
26338
26315
26297
26274
26203
26197
26194
26172
26167
26160
26158
26148
26145
26144
26141
26138
26115
26104
26071
26035
26031
26005
25942
25873
25868
25848
25827
25794
25736
25735
25716
25708
25707
25680
25673
25668
25658
25658
25633
25618
25612
25607
25588
25518
25458
25457
25450
25444
25418
25417
25402
25362
25348
25327
25322
25321
25319
25305
25305
25301
25258
25256
25248
25245
25226
25217
25209
25193
25175
25146
25130
25124
25115
25108
25052
25032
25029
25019
25017
24997
24974
24944
24944
24931
24928
24869
24841
24810
24808
24790
24761
24757
24756
24742
24737
24697
24697
24689
24680
24674
24673
24650
24641
24621
24611
24602
24595
24582
24568
24563
24563
24546
24541
24520
24510
24506
24498
24492
24481
24450
24399
24382
24372
24357
24355
24294
24289
24261
24232
24226
24216
24214
24204
24200
24191
24171
24136
24112
24097
24091
24064
24061
24061
24051
24046
24031
24030
23996
23965
23955
23950
23945
23917
23905
23897
23883
23865
23812
23778
23714
23710
23703
23692
23671
23652
23639
23628
23619
23615
23573
23558
23557
23544
23535
23505
23481
23460
23428
23410
23398
23381
23381
23366
23337
23326
23303
23293
23284
23278
23272
23208
23191
23188
23163
23152
23138
23135
23135
23088
23074
23071
23067
23011
23010
22999
22998
22984
22979
22974
22971
22948
22910
22890
22890
22881
22879
22878
22813
22801
22799
22797
22786
22779
22779
22738
22730
22728
22725
22708
22705
22695
22686
22676
22673
22662
22653
22611
22598
22567
22565
22529
22517
22511
22497
22494
22492
22484
22482
22372
22365
22346
22333
22318
22301
22264
22235
22231
22224
22203
22199
22099
22046
22030
21962
21958
21947
21941
21940
21933
21930
21921
21864
21844
21813
21772
21758
21730
21723
21702
21700
21700
21696
21696
21677
21668
21656
21651
21549
21537
21495
21495
21489
21475
21449
21440
21432
21427
21398
21389
21382
21369
21355
21317
21304
21294
21289
21288
21275
21214
21201
21190
21127
21112
21109
21066
21026
21004
20914
20905
20904
20898
20881
20874
20872
20853
20844
20840
20836
20813
20762
20761
20751
20749
20729
20724
20676
20673
20646
20638
20624
20607
20575
20564
20554
20553
20496
20489
20478
20451
20405
20368
20349
20344
20334
20324
20319
20291
20266
20256
20245
20239
20221
20181
20169
20154
20154
20152
20140
20114
20107
20088
20083
20056
20043
20013
19995
19985
19959
19911
19882
19869
19844
19801
19773
19765
19731
19727
19712
19708
19696
19684
19645
19629
19621
19601
19562
19545
19499
19476
19445
19409
19405
19368
19259
19218
19205
19203
19178
19178
19136
19107
19044
19026
19016
18988
18936
18906
18905
18872
18777
18761
18622
18565
18462
18445
18415
18395
18322
18288
18253
18201
18199
18126
18118
18108
18092
18087
18062
18025
17996
17972
17941
17929
17892
17886
17829
17826
17825
17822
17781
17775
17751
17735
17728
17722
17687
17679
17651
17630
17615
17607
17593
17579
17569
17553
17527
17521
17509
17506
17505
17471
17437
17414
17383
17345
17343
17338
17327
17296
17294
17293
17236
17205
17090
17075
17046
17022
17007
17000
16979
16935
16929
16897
16866
16855
16848
16843
16816
16807
16754
16725
16720
16718
16715
16701
16696
16660
16640
16623
16618
16610
16607
16588
16579
16529
16527
16525
16489
16488
16483
16440
16423
16423
16391
16375
16367
16358
16335
16330
16317
16314
16304
16299
16253
16249
16244
16224
16208
16176
16130
16123
16101
16049
16037
16035
16026
16010
16005
15991
15976
15976
15944
15926
15921
15910
15900
15898
15862
15823
15812
15801
15796
15786
15747
15746
15693
15691
15690
15678
15636
15629
15605
15598
15593
15558
15557
15544
15507
15490
15472
15469
15467
15415
15339
15328
15278
15266
15227
15182
15157
15116
15108
15097
15091
15082
15060
15057
14999
14944
14941
14933
14918
14884
14881
14848
14817
14777
14731
14725
14627
14609
14569
14557
14535
14511
14468
14457
14387
14355
14311
14308
14290
14258
14212
14210
14198
14173
14166
14147
14124
14123
14072
14056
14052
14016
14004
13995
13960
13923
13909
13887
13870
13852
13839
13821
13805
13796
13726
13681
13676
13634
13626
13612
13600
13599
13597
13586
13538
13487
13483
13477
13470
13451
13448
13431
13414
13393
13393
13386
13377
13374
13374
13374
13366
13337
13334
13319
13287
13279
13269
13227
13195
13150
13103
13076
13032
13014
13005
13004
12990
12962
12936
12933
12931
12930
12882
12865
12862
12852
12822
12802
12800
12750
12727
12725
12709
12687
12657
12655
12650
12643
12640
12636
12622
12508
12507
12472
12439
12419
12419
12414
12380
12347
12296
12272
12263
12251
12190
12140
12127
12045
12042
12016
12004
11984
11979
11932
11915
11899
11896
11895
11871
11866
11863
11855
11843
11826
11805
11779
11718
11718
11637
11627
11622
11619
11607
11581
11578
11562
11561
11556
11552
11552
11546
11540
11527
11465
11456
11444
11444
11434
11428
11405
11385
11382
11334
11305
11299
11252
11232
11220
11195
11179
11177
11159
11112
11085
11079
11078
11056
11045
11024
10926
10922
10905
10880
10880
10831
10800
10795
10745
10744
10740
10704
10700
10689
10676
10661
10638
10619
10616
10603
10596
10546
10510
10504
10486
10451
10441
10399
10394
10296
10268
10256
10251
10215
10200
10196
10180
10179
10134
10128
10126
10119
10052
10051
10021
10007
9981
9977
9902
9719
9700
9698
9677
9674
9654
9638
9621
9600
9579
9574
9568
9525
9508
9500
9498
9470
9458
9434
9390
9376
9369
9359
9346
9328
9305
9277
9245
9237
9206
9191
9183
9155
9133
9119
9101
9076
9067
9052
9043
9040
9023
8945
8939
8933
8922
8903
8899
8890
8882
8737
8715
8682
8659
8639
8594
8593
8578
8575
8571
8569
8568
8556
8494
8494
8479
8472
8465
8459
8433
8411
8405
8404
8380
8350
8341
8333
8326
8325
8285
8285
8260
8255
8247
8241
8240
8231
8224
8222
8189
8148
8143
8126
8103
8091
8019
8005
7924
7876
7839
7832
7818
7814
7800
7798
7792
7770
7770
7761
7698
7692
7677
7673
7666
7618
7597
7595
7594
7567
7555
7544
7517
7464
7443
7436
7413
7402
7395
7376
7312
7306
7226
7219
7219
7196
7163
7156
7154
7154
7138
7102
7077
7049
7025
6990
6960
6933
6915
6905
6892
6858
6841
6837
6830
6827
6802
6800
6797
6741
6737
6730
6666
6632
6584
6504
6503
6489
6485
6465
6453
6449
6431
6419
6414
6394
6367
6360
6341
6338
6307
6284
6276
6261
6254
6244
6198
6166
6161
6123
6119
6110
6087
6055
5971
5964
5959
5958
5931
5921
5907
5886
5836
5820
5808
5798
5788
5711
5706
5661
5660
5620
5615
5600
5554
5547
5512
5397
5359
5320
5308
5302
5291
5284
5234
5221
5200
5181
5168
5148
5101
5069
5051
5018
5005
4949
4923
4913
4899
4873
4871
4840
4811
4773
4773
4765
4731
4709
4704
4700
4696
4633
4627
4610
4609
4599
4524
4512
4509
4491
4448
4440
4401
4390
4330
4292
4247
4240
4236
4216
4200
4171
4147
4093
4019
3960
3948
3917
3908
3906
3898
3894
3885
3871
3866
3754
3735
3688
3684
3666
3662
3619
3615
3599
3589
3541
3512
3511
3471
3467
3380
3341
3334
3326
3297
3276
3264
3254
3248
3211
3206
3205
3203
3196
3191
3177
3165
3163
3136
3108
3083
3083
3079
3077
3066
3066
3058
3033
3026
3013
2979
2974
2920
2883
2867
2857
2826
2823
2803
2770
2765
2746
2733
2696
2687
2686
2646
2614
2603
2590
2550
2515
2490
2464
2463
2451
2451
2444
2411
2391
2362
2361
2352
2350
2322
2250
2239
2225
2215
2204
2152
2130
2111
2074
2054
2043
2026
2022
2007
1984
1982
1980
1977
1953
1930
1900
1897
1883
1870
1869
1858
1829
1827
1817
1812
1810
1799
1777
1775
1775
1768
1756
1724
1703
1690
1615
1584
1514
1495
1483
1460
1444
1442
1403
1389
1372
1329
1300
1296
1290
1285
1257
1203
1202
1183
1174
1145
1129
1110
1100
1098
1033
1006
1004
992
980
980
964
964
943
914
905
891
885
873
853
852
839
793
791
787
782
722
712
686
648
634
632
615
589
545
518
500
500
463
413
385
384
378
363
350
350
207
184
133
103
14
